3/28/2023 8:34:39 PM  Counts:405500
1419.755700000  0.000155989
1419.758629688  0.000155509
1419.761559375  0.000155027
1419.764489063  0.000154333
1419.767418750  0.000154477
1419.770348438  0.000154039
1419.773278125  0.000154023
1419.776207813  0.000155922
1419.779137500  0.000153183
1419.782067188  0.000153306
1419.784996875  0.000152384
1419.787926563  0.000152503
1419.790856250  0.000153372
1419.793785938  0.000153228
1419.796715625  0.000153641
1419.799645313  0.000153956
1419.802575000  0.000154173
1419.805504688  0.000154267
1419.808434375  0.000155138
1419.811364063  0.000154430
1419.814293750  0.000154053
1419.817223438  0.000153289
1419.820153125  0.000153273
1419.823082813  0.000154016
1419.826012500  0.000153428
1419.828942188  0.000154688
1419.831871875  0.000153812
1419.834801563  0.000154445
1419.837731250  0.000155111
1419.840660938  0.000153546
1419.843590625  0.000154699
1419.846520313  0.000153551
1419.849450000  0.000153571
1419.852379688  0.000153963
1419.855309375  0.000153089
1419.858239063  0.000154307
1419.861168750  0.000154400
1419.864098438  0.000155055
1419.867028125  0.000154528
1419.869957813  0.000154560
1419.872887500  0.000154085
1419.875817188  0.000157783
1419.878746875  0.000154201
1419.881676563  0.000154263
1419.884606250  0.000154063
1419.887535938  0.000154023
1419.890465625  0.000154584
1419.893395313  0.000153851
1419.896325000  0.000155354
1419.899254688  0.000154268
1419.902184375  0.000154017
1419.905114063  0.000155379
1419.908043750  0.000154004
1419.910973438  0.000154524
1419.913903125  0.000155597
1419.916832813  0.000154562
1419.919762500  0.000155359
1419.922692188  0.000155019
1419.925621875  0.000155863
1419.928551563  0.000156188
1419.931481250  0.000155604
1419.934410938  0.000155913
1419.937340625  0.000155632
1419.940270313  0.000155292
1419.943200000  0.000158350
1419.946129688  0.000155721
1419.949059375  0.000155182
1419.951989063  0.000156725
1419.954918750  0.000156296
1419.957848438  0.000156855
1419.960778125  0.000156056
1419.963707813  0.000156031
1419.966637500  0.000156135
1419.969567188  0.000156147
1419.972496875  0.000155728
1419.975426563  0.000157441
1419.978356250  0.000156238
1419.981285938  0.000156961
1419.984215625  0.000157402
1419.987145313  0.000156782
1419.990075000  0.000157925
1419.993004688  0.000157015
1419.995934375  0.000157117
1419.998864063  0.000156812
1420.001793750  0.000156402
1420.004723438  0.000157131
1420.007653125  0.000156657
1420.010582813  0.000157391
1420.013512500  0.000158120
1420.016442188  0.000157865
1420.019371875  0.000157348
1420.022301563  0.000156599
1420.025231250  0.000157208
1420.028160938  0.000156726
1420.031090625  0.000157016
1420.034020313  0.000156982
1420.036950000  0.000156687
1420.039879688  0.000157818
1420.042809375  0.000159772
1420.045739063  0.000158201
1420.048668750  0.000158630
1420.051598438  0.000158840
1420.054528125  0.000158328
1420.057457813  0.000158209
1420.060387500  0.000158718
1420.063317188  0.000157941
1420.066246875  0.000157463
1420.069176563  0.000158291
1420.072106250  0.000159448
1420.075035938  0.000158842
1420.077965625  0.000159158
1420.080895313  0.000158782
1420.083825000  0.000158882
1420.086754688  0.000158876
1420.089684375  0.000158623
1420.092614063  0.000158665
1420.095543750  0.000158769
1420.098473438  0.000158476
1420.101403125  0.000159208
1420.104332813  0.000159812
1420.107262500  0.000162894
1420.110192188  0.000161082
1420.113121875  0.000160754
1420.116051563  0.000160112
1420.118981250  0.000160065
1420.121910938  0.000160143
1420.124840625  0.000159651
1420.127770313  0.000159961
1420.130700000  0.000160071
1420.133629688  0.000160623
1420.136559375  0.000161218
1420.139489063  0.000161367
1420.142418750  0.000161739
1420.145348438  0.000162218
1420.148278125  0.000161863
1420.151207813  0.000161238
1420.154137500  0.000161608
1420.157067188  0.000161361
1420.159996875  0.000162530
1420.162926563  0.000161776
1420.165856250  0.000162935
1420.168785938  0.000162807
1420.171715625  0.000163497
1420.174645313  0.000165163
1420.177575000  0.000163332
1420.180504688  0.000163351
1420.183434375  0.000162890
1420.186364063  0.000162227
1420.189293750  0.000162310
1420.192223438  0.000162701
1420.195153125  0.000162414
1420.198082813  0.000163445
1420.201012500  0.000162933
1420.203942188  0.000162594
1420.206871875  0.000164286
1420.209801563  0.000162388
1420.212731250  0.000162332
1420.215660938  0.000161132
1420.218590625  0.000160387
1420.221520313  0.000161077
1420.224450000  0.000160078
1420.227379688  0.000160704
1420.230309375  0.000160013
1420.233239063  0.000160062
1420.236168750  0.000160377
1420.239098438  0.000159814
1420.242028125  0.000159770
1420.244957813  0.000159415
1420.247887500  0.000158114
1420.250817188  0.000158210
1420.253746875  0.000157167
1420.256676563  0.000157246
1420.259606250  0.000157383
1420.262535938  0.000157286
1420.265465625  0.000157432
1420.268395313  0.000156524
1420.271325000  0.000157436
1420.274254688  0.000160860
1420.277184375  0.000157629
1420.280114063  0.000157234
1420.283043750  0.000156886
1420.285973438  0.000156716
1420.288903125  0.000156480
1420.291832813  0.000156326
1420.294762500  0.000156969
1420.297692188  0.000156587
1420.300621875  0.000156343
1420.303551563  0.000157028
1420.306481250  0.000156115
1420.309410938  0.000156536
1420.312340625  0.000156672
1420.315270313  0.000155674
1420.318200000  0.000156430
1420.321129688  0.000156094
1420.324059375  0.000156499
1420.326989063  0.000156555
1420.329918750  0.000156814
1420.332848438  0.000156605
1420.335778125  0.000157139
1420.338707813  0.000157351
1420.341637500  0.000159007
1420.344567188  0.000156138
1420.347496875  0.000156892
1420.350426563  0.000156225
1420.353356250  0.000156820
1420.356285938  0.000156492
1420.359215625  0.000156231
1420.362145313  0.000156964
1420.365075000  0.000157387
1420.368004688  0.000156406
1420.370934375  0.000156788
1420.373864063  0.000157172
1420.376793750  0.000156722
1420.379723438  0.000156373
1420.382653125  0.000155973
1420.385582813  0.000156161
1420.388512500  0.000156333
1420.391442188  0.000156050
1420.394371875  0.000156558
1420.397301563  0.000156779
1420.400231250  0.000156728
1420.403160938  0.000158064
1420.406090625  0.000157740
1420.409020313  0.000157157
1420.411950000  0.000156576
1420.414879688  0.000157003
1420.417809375  0.000156764
1420.420739063  0.000157104
1420.423668750  0.000156697
1420.426598438  0.000156611
1420.429528125  0.000156465
1420.432457813  0.000156391
1420.435387500  0.000156859
1420.438317188  0.000157698
1420.441246875  0.000158002
1420.444176563  0.000156881
1420.447106250  0.000156193
1420.450035938  0.000156373
1420.452965625  0.000156695
1420.455895313  0.000156197
1420.458825000  0.000157865
1420.461754688  0.000156523
1420.464684375  0.000156907
1420.467614063  0.000156196
1420.470543750  0.000156875
1420.473473438  0.000156521
1420.476403125  0.000157100
1420.479332813  0.000156446
1420.482262500  0.000156653
1420.485192188  0.000157164
1420.488121875  0.000156415
1420.491051563  0.000156401
1420.493981250  0.000157057
1420.496910938  0.000157274
1420.499840625  0.000156622
1420.502770313  0.000156900
1420.505700000  0.000159131
1420.508629688  0.000156586
1420.511559375  0.000155954
1420.514489063  0.000156233
1420.517418750  0.000156795
1420.520348438  0.000156128
1420.523278125  0.000156598
1420.526207813  0.000157066
1420.529137500  0.000156755
1420.532067188  0.000157379
1420.534996875  0.000156423
1420.537926563  0.000156473
1420.540856250  0.000157134
1420.543785938  0.000157643
1420.546715625  0.000157607
1420.549645313  0.000156846
1420.552575000  0.000156108
1420.555504688  0.000157497
1420.558434375  0.000156201
1420.561364063  0.000157340
1420.564293750  0.000157187
1420.567223438  0.000156976
1420.570153125  0.000156446
1420.573082813  0.000158205
1420.576012500  0.000156583
1420.578942188  0.000157646
1420.581871875  0.000156473
1420.584801563  0.000158357
1420.587731250  0.000157381
1420.590660938  0.000157560
1420.593590625  0.000157076
1420.596520313  0.000156261
1420.599450000  0.000157084
1420.602379688  0.000156183
1420.605309375  0.000160535
1420.608239063  0.000157487
1420.611168750  0.000158109
1420.614098438  0.000157349
1420.617028125  0.000157221
1420.619957813  0.000156760
1420.622887500  0.000157786
1420.625817188  0.000156966
1420.628746875  0.000156096
1420.631676563  0.000157183
1420.634606250  0.000156888
1420.637535938  0.000156808
1420.640465625  0.000156956
1420.643395313  0.000157052
1420.646325000  0.000157493
1420.649254688  0.000157409
1420.652184375  0.000157431
1420.655114063  0.000157015
1420.658043750  0.000156230
1420.660973438  0.000156806
1420.663903125  0.000156330
1420.666832813  0.000158060
1420.669762500  0.000158315
1420.672692188  0.000159843
1420.675621875  0.000157613
1420.678551563  0.000157688
1420.681481250  0.000156079
1420.684410938  0.000156903
1420.687340625  0.000155293
1420.690270313  0.000156393
1420.693200000  0.000155640
1420.696129688  0.000156011
1420.699059375  0.000156339
1420.701989063  0.000156041
1420.704918750  0.000159128
1420.707848438  0.000157940
1420.710778125  0.000157621
1420.713707813  0.000157102
1420.716637500  0.000156258
1420.719567188  0.000156337
1420.722496875  0.000156482
1420.725426563  0.000156124
1420.728356250  0.000156471
1420.731285938  0.000156105
1420.734215625  0.000156634
1420.737145313  0.000157231
1420.740075000  0.000156554
1420.743004688  0.000156657
1420.745934375  0.000156313
1420.748864063  0.000155751
1420.751793750  0.000156310
1420.754723438  0.000156159
1420.757653125  0.000156705
1420.760582813  0.000156367
1420.763512500  0.000156742
1420.766442188  0.000157070
1420.769371875  0.000157849
1420.772301563  0.000159345
1420.775231250  0.000157219
1420.778160938  0.000157093
1420.781090625  0.000156457
1420.784020313  0.000155283
1420.786950000  0.000155845
1420.789879688  0.000156167
1420.792809375  0.000155509
1420.795739063  0.000156497
1420.798668750  0.000157380
1420.801598438  0.000156699
1420.804528125  0.000156997
1420.807457813  0.000156054
1420.810387500  0.000156170
1420.813317188  0.000155747
1420.816246875  0.000155702
1420.819176563  0.000155665
1420.822106250  0.000155721
1420.825035938  0.000155386
1420.827965625  0.000156309
1420.830895313  0.000157004
1420.833825000  0.000158194
1420.836754688  0.000159985
1420.839684375  0.000156792
1420.842614063  0.000156017
1420.845543750  0.000155514
1420.848473438  0.000155874
1420.851403125  0.000155382
1420.854332813  0.000155052
1420.857262500  0.000155354
1420.860192188  0.000156650
1420.863121875  0.000155954
1420.866051563  0.000156490
1420.868981250  0.000155942
1420.871910938  0.000156630
1420.874840625  0.000156329
1420.877770313  0.000155176
1420.880700000  0.000156179
1420.883629688  0.000155536
1420.886559375  0.000156517
1420.889489063  0.000156760
1420.892418750  0.000156520
1420.895348438  0.000157170
1420.898278125  0.000157722
1420.901207813  0.000157097
1420.904137500  0.000157353
1420.907067188  0.000155861
1420.909996875  0.000156212
1420.912926563  0.000155246
1420.915856250  0.000156408
1420.918785938  0.000155895
1420.921715625  0.000156886
1420.924645313  0.000156893
1420.927575000  0.000156533
1420.930504688  0.000156196
1420.933434375  0.000157114
1420.936364063  0.000159610
1420.939293750  0.000156300
1420.942223438  0.000156436
1420.945153125  0.000155030
1420.948082813  0.000156400
1420.951012500  0.000156268
1420.953942188  0.000157018
1420.956871875  0.000155822
1420.959801563  0.000156415
1420.962731250  0.000156437
1420.965660938  0.000156163
1420.968590625  0.000156036
1420.971520313  0.000156155
1420.974450000  0.000155755
1420.977379688  0.000155586
1420.980309375  0.000156723
1420.983239063  0.000156254
1420.986168750  0.000155925
1420.989098438  0.000156735
1420.992028125  0.000155628
1420.994957813  0.000155746
1420.997887500  0.000156267
1421.000817188  0.000155435
1421.003746875  0.000157453
1421.006676563  0.000156037
1421.009606250  0.000155689
1421.012535938  0.000156787
1421.015465625  0.000156507
1421.018395313  0.000156464
1421.021325000  0.000156080
1421.024254688  0.000156011
1421.027184375  0.000155817
1421.030114063  0.000156279
1421.033043750  0.000155673
1421.035973438  0.000158942
1421.038903125  0.000156706
1421.041832813  0.000156558
1421.044762500  0.000156013
1421.047692188  0.000157071
1421.050621875  0.000156310
1421.053551563  0.000156387
1421.056481250  0.000156434
1421.059410938  0.000156608
1421.062340625  0.000155520
1421.065270313  0.000155605
1421.068200000  0.000156748
1421.071129688  0.000156330
1421.074059375  0.000157234
1421.076989063  0.000156167
1421.079918750  0.000157098
1421.082848438  0.000156501
1421.085778125  0.000156271
1421.088707813  0.000157020
1421.091637500  0.000155858
1421.094567188  0.000156811
1421.097496875  0.000156808
1421.100426563  0.000156641
1421.103356250  0.000160852
1421.106285938  0.000156983
1421.109215625  0.000156044
1421.112145313  0.000156020
1421.115075000  0.000156159
1421.118004688  0.000155852
1421.120934375  0.000155810
1421.123864063  0.000155756
1421.126793750  0.000155562
1421.129723438  0.000156809
1421.132653125  0.000155954
1421.135582813  0.000157612
1421.138512500  0.000156405
1421.141442188  0.000157258
1421.144371875  0.000155736
1421.147301563  0.000155952
1421.150231250  0.000156446
1421.153160938  0.000156016
1421.156090625  0.000155479
1421.159020313  0.000155517
1421.161950000  0.000155813
1421.164879688  0.000155809
1421.167809375  0.000157929
1421.170739063  0.000156900
1421.173668750  0.000156842
1421.176598438  0.000156900
1421.179528125  0.000156174
1421.182457813  0.000156465
1421.185387500  0.000155611
1421.188317188  0.000156197
1421.191246875  0.000155840
1421.194176563  0.000156202
1421.197106250  0.000157891
1421.200035938  0.000157898
1421.202965625  0.000160917
1421.205895313  0.000157576
1421.208825000  0.000157427
1421.211754688  0.000157546
1421.214684375  0.000156767
1421.217614063  0.000156528
1421.220543750  0.000156503
1421.223473438  0.000156186
1421.226403125  0.000156379
1421.229332813  0.000156307
1421.232262500  0.000156694
1421.235192188  0.000157146
1421.238121875  0.000156607
1421.241051563  0.000157026
1421.243981250  0.000157224
1421.246910938  0.000156519
1421.249840625  0.000156568
1421.252770313  0.000156352

