3/28/2023 7:53:08 PM  Counts:405500
1419.755700000  0.000137822
1419.758629688  0.000137387
1419.761559375  0.000137249
1419.764489063  0.000137495
1419.767418750  0.000137468
1419.770348438  0.000137667
1419.773278125  0.000137629
1419.776207813  0.000137918
1419.779137500  0.000137308
1419.782067188  0.000137319
1419.784996875  0.000137292
1419.787926563  0.000137131
1419.790856250  0.000137533
1419.793785938  0.000137519
1419.796715625  0.000137298
1419.799645313  0.000137465
1419.802575000  0.000137630
1419.805504688  0.000137512
1419.808434375  0.000137327
1419.811364063  0.000137790
1419.814293750  0.000137695
1419.817223438  0.000137453
1419.820153125  0.000137318
1419.823082813  0.000137467
1419.826012500  0.000137361
1419.828942188  0.000137660
1419.831871875  0.000137526
1419.834801563  0.000137768
1419.837731250  0.000137858
1419.840660938  0.000137391
1419.843590625  0.000137584
1419.846520313  0.000137275
1419.849450000  0.000137587
1419.852379688  0.000137261
1419.855309375  0.000137340
1419.858239063  0.000137287
1419.861168750  0.000137615
1419.864098438  0.000137468
1419.867028125  0.000137548
1419.869957813  0.000137430
1419.872887500  0.000137499
1419.875817188  0.000138184
1419.878746875  0.000137630
1419.881676563  0.000137124
1419.884606250  0.000137476
1419.887535938  0.000137378
1419.890465625  0.000137307
1419.893395313  0.000137341
1419.896325000  0.000137416
1419.899254688  0.000137274
1419.902184375  0.000137430
1419.905114063  0.000137522
1419.908043750  0.000137639
1419.910973438  0.000137390
1419.913903125  0.000137561
1419.916832813  0.000137276
1419.919762500  0.000137470
1419.922692188  0.000137700
1419.925621875  0.000137374
1419.928551563  0.000137262
1419.931481250  0.000137532
1419.934410938  0.000137400
1419.937340625  0.000137530
1419.940270313  0.000137431
1419.943200000  0.000138054
1419.946129688  0.000137371
1419.949059375  0.000137048
1419.951989063  0.000137466
1419.954918750  0.000137750
1419.957848438  0.000137519
1419.960778125  0.000137496
1419.963707813  0.000137468
1419.966637500  0.000137426
1419.969567188  0.000137436
1419.972496875  0.000137408
1419.975426563  0.000137563
1419.978356250  0.000137576
1419.981285938  0.000137614
1419.984215625  0.000137490
1419.987145313  0.000137601
1419.990075000  0.000137648
1419.993004688  0.000137289
1419.995934375  0.000137249
1419.998864063  0.000137650
1420.001793750  0.000137193
1420.004723438  0.000137398
1420.007653125  0.000137595
1420.010582813  0.000137623
1420.013512500  0.000137716
1420.016442188  0.000137271
1420.019371875  0.000137473
1420.022301563  0.000137441
1420.025231250  0.000137452
1420.028160938  0.000137275
1420.031090625  0.000137543
1420.034020313  0.000137233
1420.036950000  0.000137158
1420.039879688  0.000137411
1420.042809375  0.000137731
1420.045739063  0.000137396
1420.048668750  0.000137428
1420.051598438  0.000137748
1420.054528125  0.000137646
1420.057457813  0.000137489
1420.060387500  0.000137127
1420.063317188  0.000137325
1420.066246875  0.000137534
1420.069176563  0.000137299
1420.072106250  0.000137575
1420.075035938  0.000137441
1420.077965625  0.000137147
1420.080895313  0.000137216
1420.083825000  0.000137493
1420.086754688  0.000137452
1420.089684375  0.000137310
1420.092614063  0.000137556
1420.095543750  0.000137319
1420.098473438  0.000136972
1420.101403125  0.000137316
1420.104332813  0.000137576
1420.107262500  0.000137944
1420.110192188  0.000137466
1420.113121875  0.000137233
1420.116051563  0.000137024
1420.118981250  0.000137355
1420.121910938  0.000137065
1420.124840625  0.000137046
1420.127770313  0.000137104
1420.130700000  0.000137415
1420.133629688  0.000137177
1420.136559375  0.000137377
1420.139489063  0.000137235
1420.142418750  0.000137764
1420.145348438  0.000137329
1420.148278125  0.000137217
1420.151207813  0.000136925
1420.154137500  0.000137268
1420.157067188  0.000137094
1420.159996875  0.000137150
1420.162926563  0.000136725
1420.165856250  0.000137042
1420.168785938  0.000137196
1420.171715625  0.000137278
1420.174645313  0.000137646
1420.177575000  0.000137440
1420.180504688  0.000137154
1420.183434375  0.000137141
1420.186364063  0.000136773
1420.189293750  0.000137070
1420.192223438  0.000137072
1420.195153125  0.000137116
1420.198082813  0.000137288
1420.201012500  0.000137311
1420.203942188  0.000136925
1420.206871875  0.000137339
1420.209801563  0.000137159
1420.212731250  0.000137186
1420.215660938  0.000137397
1420.218590625  0.000137054
1420.221520313  0.000137368
1420.224450000  0.000136887
1420.227379688  0.000136992
1420.230309375  0.000137544
1420.233239063  0.000137528
1420.236168750  0.000137811
1420.239098438  0.000137795
1420.242028125  0.000137863
1420.244957813  0.000137982
1420.247887500  0.000137945
1420.250817188  0.000138246
1420.253746875  0.000137970
1420.256676563  0.000138221
1420.259606250  0.000138599
1420.262535938  0.000138687
1420.265465625  0.000138763
1420.268395313  0.000139302
1420.271325000  0.000139488
1420.274254688  0.000140578
1420.277184375  0.000140871
1420.280114063  0.000141093
1420.283043750  0.000141397
1420.285973438  0.000142243
1420.288903125  0.000142575
1420.291832813  0.000143269
1420.294762500  0.000144688
1420.297692188  0.000145479
1420.300621875  0.000146425
1420.303551563  0.000147611
1420.306481250  0.000149014
1420.309410938  0.000149976
1420.312340625  0.000151208
1420.315270313  0.000151651
1420.318200000  0.000152932
1420.321129688  0.000153787
1420.324059375  0.000154802
1420.326989063  0.000155335
1420.329918750  0.000156172
1420.332848438  0.000156845
1420.335778125  0.000157338
1420.338707813  0.000158312
1420.341637500  0.000158945
1420.344567188  0.000159064
1420.347496875  0.000159861
1420.350426563  0.000159964
1420.353356250  0.000160222
1420.356285938  0.000160395
1420.359215625  0.000160602
1420.362145313  0.000161104
1420.365075000  0.000160926
1420.368004688  0.000161020
1420.370934375  0.000161122
1420.373864063  0.000161005
1420.376793750  0.000161416
1420.379723438  0.000160785
1420.382653125  0.000161080
1420.385582813  0.000160681
1420.388512500  0.000160284
1420.391442188  0.000159524
1420.394371875  0.000159242
1420.397301563  0.000158947
1420.400231250  0.000158272
1420.403160938  0.000157774
1420.406090625  0.000157652
1420.409020313  0.000157212
1420.411950000  0.000155925
1420.414879688  0.000155349
1420.417809375  0.000155023
1420.420739063  0.000154941
1420.423668750  0.000154282
1420.426598438  0.000153665
1420.429528125  0.000154087
1420.432457813  0.000153225
1420.435387500  0.000152928
1420.438317188  0.000153085
1420.441246875  0.000152431
1420.444176563  0.000151786
1420.447106250  0.000151719
1420.450035938  0.000151832
1420.452965625  0.000151427
1420.455895313  0.000151023
1420.458825000  0.000151351
1420.461754688  0.000151440
1420.464684375  0.000151225
1420.467614063  0.000151209
1420.470543750  0.000151053
1420.473473438  0.000151788
1420.476403125  0.000151919
1420.479332813  0.000151799
1420.482262500  0.000152449
1420.485192188  0.000152368
1420.488121875  0.000152689
1420.491051563  0.000153227
1420.493981250  0.000153089
1420.496910938  0.000153945
1420.499840625  0.000153569
1420.502770313  0.000154136
1420.505700000  0.000154669
1420.508629688  0.000154561
1420.511559375  0.000154622
1420.514489063  0.000154663
1420.517418750  0.000154887
1420.520348438  0.000154743
1420.523278125  0.000154868
1420.526207813  0.000155373
1420.529137500  0.000155068
1420.532067188  0.000155401
1420.534996875  0.000155099
1420.537926563  0.000155216
1420.540856250  0.000155368
1420.543785938  0.000155202
1420.546715625  0.000154899
1420.549645313  0.000155165
1420.552575000  0.000154655
1420.555504688  0.000154870
1420.558434375  0.000154324
1420.561364063  0.000154368
1420.564293750  0.000153961
1420.567223438  0.000153997
1420.570153125  0.000153536
1420.573082813  0.000153994
1420.576012500  0.000153429
1420.578942188  0.000152938
1420.581871875  0.000152685
1420.584801563  0.000152738
1420.587731250  0.000152068
1420.590660938  0.000152084
1420.593590625  0.000151486
1420.596520313  0.000151489
1420.599450000  0.000151449
1420.602379688  0.000150667
1420.605309375  0.000151443
1420.608239063  0.000150194
1420.611168750  0.000149786
1420.614098438  0.000149973
1420.617028125  0.000149173
1420.619957813  0.000148808
1420.622887500  0.000148797
1420.625817188  0.000148115
1420.628746875  0.000147955
1420.631676563  0.000147555
1420.634606250  0.000146989
1420.637535938  0.000146774
1420.640465625  0.000146691
1420.643395313  0.000146155
1420.646325000  0.000145948
1420.649254688  0.000145671
1420.652184375  0.000145506
1420.655114063  0.000145766
1420.658043750  0.000144808
1420.660973438  0.000144772
1420.663903125  0.000144654
1420.666832813  0.000144833
1420.669762500  0.000144633
1420.672692188  0.000145015
1420.675621875  0.000144407
1420.678551563  0.000144456
1420.681481250  0.000143937
1420.684410938  0.000144038
1420.687340625  0.000143561
1420.690270313  0.000143687
1420.693200000  0.000143355
1420.696129688  0.000143144
1420.699059375  0.000143370
1420.701989063  0.000142934
1420.704918750  0.000143228
1420.707848438  0.000142684
1420.710778125  0.000142712
1420.713707813  0.000142592
1420.716637500  0.000141841
1420.719567188  0.000142109
1420.722496875  0.000142169
1420.725426563  0.000141702
1420.728356250  0.000141511
1420.731285938  0.000141299
1420.734215625  0.000141558
1420.737145313  0.000141479
1420.740075000  0.000141252
1420.743004688  0.000141206
1420.745934375  0.000141139
1420.748864063  0.000140944
1420.751793750  0.000140794
1420.754723438  0.000140855
1420.757653125  0.000140870
1420.760582813  0.000140415
1420.763512500  0.000140359
1420.766442188  0.000140292
1420.769371875  0.000140415
1420.772301563  0.000140751
1420.775231250  0.000139737
1420.778160938  0.000140243
1420.781090625  0.000140236
1420.784020313  0.000140060
1420.786950000  0.000139818
1420.789879688  0.000140045
1420.792809375  0.000139502
1420.795739063  0.000139681
1420.798668750  0.000139777
1420.801598438  0.000139729
1420.804528125  0.000139680
1420.807457813  0.000139246
1420.810387500  0.000139301
1420.813317188  0.000139539
1420.816246875  0.000139354
1420.819176563  0.000139274
1420.822106250  0.000138869
1420.825035938  0.000139135
1420.827965625  0.000138872
1420.830895313  0.000138835
1420.833825000  0.000138670
1420.836754688  0.000138726
1420.839684375  0.000138502
1420.842614063  0.000138004
1420.845543750  0.000138022
1420.848473438  0.000138258
1420.851403125  0.000138200
1420.854332813  0.000137824
1420.857262500  0.000137675
1420.860192188  0.000137529
1420.863121875  0.000137609
1420.866051563  0.000137830
1420.868981250  0.000137713
1420.871910938  0.000137476
1420.874840625  0.000137547
1420.877770313  0.000137343
1420.880700000  0.000137244
1420.883629688  0.000137502
1420.886559375  0.000137366
1420.889489063  0.000137328
1420.892418750  0.000137345
1420.895348438  0.000137099
1420.898278125  0.000137538
1420.901207813  0.000137338
1420.904137500  0.000137305
1420.907067188  0.000136976
1420.909996875  0.000137305
1420.912926563  0.000136758
1420.915856250  0.000137243
1420.918785938  0.000137066
1420.921715625  0.000137028
1420.924645313  0.000137124
1420.927575000  0.000136860
1420.930504688  0.000136793
1420.933434375  0.000137324
1420.936364063  0.000137579
1420.939293750  0.000137197
1420.942223438  0.000137203
1420.945153125  0.000136835
1420.948082813  0.000137103
1420.951012500  0.000136843
1420.953942188  0.000136880
1420.956871875  0.000136824
1420.959801563  0.000137125
1420.962731250  0.000136787
1420.965660938  0.000137069
1420.968590625  0.000136785
1420.971520313  0.000136849
1420.974450000  0.000136810
1420.977379688  0.000136835
1420.980309375  0.000137032
1420.983239063  0.000137003
1420.986168750  0.000136416
1420.989098438  0.000136889
1420.992028125  0.000136833
1420.994957813  0.000136998
1420.997887500  0.000136723
1421.000817188  0.000136686
1421.003746875  0.000137422
1421.006676563  0.000136961
1421.009606250  0.000136533
1421.012535938  0.000137081
1421.015465625  0.000137065
1421.018395313  0.000137051
1421.021325000  0.000137051
1421.024254688  0.000136803
1421.027184375  0.000136729
1421.030114063  0.000136892
1421.033043750  0.000136853
1421.035973438  0.000137212
1421.038903125  0.000136953
1421.041832813  0.000136955
1421.044762500  0.000137198
1421.047692188  0.000137072
1421.050621875  0.000136889
1421.053551563  0.000136928
1421.056481250  0.000137119
1421.059410938  0.000137027
1421.062340625  0.000136906
1421.065270313  0.000136952
1421.068200000  0.000137019
1421.071129688  0.000137202
1421.074059375  0.000137091
1421.076989063  0.000136787
1421.079918750  0.000137029
1421.082848438  0.000136905
1421.085778125  0.000136869
1421.088707813  0.000136868
1421.091637500  0.000136911
1421.094567188  0.000137020
1421.097496875  0.000136994
1421.100426563  0.000137165
1421.103356250  0.000137607
1421.106285938  0.000137118
1421.109215625  0.000137112
1421.112145313  0.000136991
1421.115075000  0.000137164
1421.118004688  0.000137059
1421.120934375  0.000136975
1421.123864063  0.000136911
1421.126793750  0.000136826
1421.129723438  0.000137035
1421.132653125  0.000136906
1421.135582813  0.000137259
1421.138512500  0.000137114
1421.141442188  0.000136854
1421.144371875  0.000136927
1421.147301563  0.000137130
1421.150231250  0.000137168
1421.153160938  0.000137097
1421.156090625  0.000137178
1421.159020313  0.000136899
1421.161950000  0.000136936
1421.164879688  0.000137224
1421.167809375  0.000137483
1421.170739063  0.000137261
1421.173668750  0.000137169
1421.176598438  0.000137356
1421.179528125  0.000137003
1421.182457813  0.000137181
1421.185387500  0.000137008
1421.188317188  0.000137245
1421.191246875  0.000137318
1421.194176563  0.000137428
1421.197106250  0.000137253
1421.200035938  0.000137212
1421.202965625  0.000137717
1421.205895313  0.000137324
1421.208825000  0.000137241
1421.211754688  0.000137365
1421.214684375  0.000137234
1421.217614063  0.000137456
1421.220543750  0.000137405
1421.223473438  0.000137059
1421.226403125  0.000137227
1421.229332813  0.000137538
1421.232262500  0.000137325
1421.235192188  0.000137489
1421.238121875  0.000137598
1421.241051563  0.000137648
1421.243981250  0.000137287
1421.246910938  0.000137476
1421.249840625  0.000137596
1421.252770313  0.000137654

