3/28/2023 8:57:43 PM  Counts:405500
1419.755700000  0.000156622
1419.758629688  0.000157603
1419.761559375  0.000159056
1419.764489063  0.000161027
1419.767418750  0.000162333
1419.770348438  0.000164807
1419.773278125  0.000164123
1419.776207813  0.000165405
1419.779137500  0.000165266
1419.782067188  0.000165051
1419.784996875  0.000165977
1419.787926563  0.000166087
1419.790856250  0.000166734
1419.793785938  0.000166858
1419.796715625  0.000167362
1419.799645313  0.000169135
1419.802575000  0.000168357
1419.805504688  0.000167826
1419.808434375  0.000167640
1419.811364063  0.000168776
1419.814293750  0.000168303
1419.817223438  0.000168541
1419.820153125  0.000168233
1419.823082813  0.000168760
1419.826012500  0.000169327
1419.828942188  0.000170215
1419.831871875  0.000170339
1419.834801563  0.000169771
1419.837731250  0.000170640
1419.840660938  0.000170091
1419.843590625  0.000169052
1419.846520313  0.000169805
1419.849450000  0.000170068
1419.852379688  0.000169429
1419.855309375  0.000168829
1419.858239063  0.000170021
1419.861168750  0.000170870
1419.864098438  0.000170839
1419.867028125  0.000170464
1419.869957813  0.000169680
1419.872887500  0.000170386
1419.875817188  0.000171008
1419.878746875  0.000171219
1419.881676563  0.000170468
1419.884606250  0.000171288
1419.887535938  0.000170117
1419.890465625  0.000171210
1419.893395313  0.000171345
1419.896325000  0.000171104
1419.899254688  0.000171502
1419.902184375  0.000170173
1419.905114063  0.000170824
1419.908043750  0.000171231
1419.910973438  0.000169878
1419.913903125  0.000170466
1419.916832813  0.000171051
1419.919762500  0.000171129
1419.922692188  0.000171076
1419.925621875  0.000171229
1419.928551563  0.000169684
1419.931481250  0.000170284
1419.934410938  0.000170141
1419.937340625  0.000170777
1419.940270313  0.000170890
1419.943200000  0.000171892
1419.946129688  0.000172278
1419.949059375  0.000170840
1419.951989063  0.000172852
1419.954918750  0.000171354
1419.957848438  0.000171271
1419.960778125  0.000171195
1419.963707813  0.000171788
1419.966637500  0.000170869
1419.969567188  0.000171460
1419.972496875  0.000169995
1419.975426563  0.000170382
1419.978356250  0.000171211
1419.981285938  0.000170597
1419.984215625  0.000171560
1419.987145313  0.000169888
1419.990075000  0.000171798
1419.993004688  0.000169540
1419.995934375  0.000169078
1419.998864063  0.000169360
1420.001793750  0.000168600
1420.004723438  0.000169216
1420.007653125  0.000168450
1420.010582813  0.000168740
1420.013512500  0.000170276
1420.016442188  0.000167987
1420.019371875  0.000168137
1420.022301563  0.000167600
1420.025231250  0.000167758
1420.028160938  0.000167849
1420.031090625  0.000168351
1420.034020313  0.000166358
1420.036950000  0.000167194
1420.039879688  0.000166947
1420.042809375  0.000167092
1420.045739063  0.000167335
1420.048668750  0.000165667
1420.051598438  0.000166246
1420.054528125  0.000166494
1420.057457813  0.000165690
1420.060387500  0.000166414
1420.063317188  0.000166690
1420.066246875  0.000166214
1420.069176563  0.000166822
1420.072106250  0.000167779
1420.075035938  0.000167307
1420.077965625  0.000167138
1420.080895313  0.000167436
1420.083825000  0.000169047
1420.086754688  0.000169320
1420.089684375  0.000169140
1420.092614063  0.000169953
1420.095543750  0.000170679
1420.098473438  0.000170481
1420.101403125  0.000171201
1420.104332813  0.000172177
1420.107262500  0.000173567
1420.110192188  0.000173336
1420.113121875  0.000174091
1420.116051563  0.000173886
1420.118981250  0.000174077
1420.121910938  0.000173922
1420.124840625  0.000173586
1420.127770313  0.000173571
1420.130700000  0.000174711
1420.133629688  0.000175290
1420.136559375  0.000174706
1420.139489063  0.000173225
1420.142418750  0.000173676
1420.145348438  0.000173190
1420.148278125  0.000172918
1420.151207813  0.000171222
1420.154137500  0.000171203
1420.157067188  0.000170511
1420.159996875  0.000170129
1420.162926563  0.000169261
1420.165856250  0.000169574
1420.168785938  0.000168511
1420.171715625  0.000168077
1420.174645313  0.000168322
1420.177575000  0.000167888
1420.180504688  0.000166886
1420.183434375  0.000167012
1420.186364063  0.000165992
1420.189293750  0.000166956
1420.192223438  0.000167011
1420.195153125  0.000166529
1420.198082813  0.000167314
1420.201012500  0.000167004
1420.203942188  0.000166671
1420.206871875  0.000166276
1420.209801563  0.000166405
1420.212731250  0.000166319
1420.215660938  0.000167525
1420.218590625  0.000165881
1420.221520313  0.000167086
1420.224450000  0.000166261
1420.227379688  0.000166466
1420.230309375  0.000166335
1420.233239063  0.000165179
1420.236168750  0.000166433
1420.239098438  0.000166154
1420.242028125  0.000165002
1420.244957813  0.000165043
1420.247887500  0.000163943
1420.250817188  0.000162996
1420.253746875  0.000162546
1420.256676563  0.000162316
1420.259606250  0.000162121
1420.262535938  0.000161952
1420.265465625  0.000161645
1420.268395313  0.000160832
1420.271325000  0.000159529
1420.274254688  0.000159860
1420.277184375  0.000161116
1420.280114063  0.000159546
1420.283043750  0.000160333
1420.285973438  0.000160059
1420.288903125  0.000160928
1420.291832813  0.000158822
1420.294762500  0.000158893
1420.297692188  0.000159664
1420.300621875  0.000157942
1420.303551563  0.000158295
1420.306481250  0.000159137
1420.309410938  0.000158956
1420.312340625  0.000158819
1420.315270313  0.000158545
1420.318200000  0.000158943
1420.321129688  0.000159473
1420.324059375  0.000159127
1420.326989063  0.000158888
1420.329918750  0.000158910
1420.332848438  0.000158364
1420.335778125  0.000157559
1420.338707813  0.000158112
1420.341637500  0.000159682
1420.344567188  0.000158374
1420.347496875  0.000158796
1420.350426563  0.000157306
1420.353356250  0.000157889
1420.356285938  0.000158291
1420.359215625  0.000158380
1420.362145313  0.000158157
1420.365075000  0.000158787
1420.368004688  0.000159497
1420.370934375  0.000158053
1420.373864063  0.000157745
1420.376793750  0.000158461
1420.379723438  0.000157942
1420.382653125  0.000158088
1420.385582813  0.000158716
1420.388512500  0.000158663
1420.391442188  0.000157470
1420.394371875  0.000157809
1420.397301563  0.000157994
1420.400231250  0.000157932
1420.403160938  0.000158536
1420.406090625  0.000158169
1420.409020313  0.000158507
1420.411950000  0.000157715
1420.414879688  0.000157729
1420.417809375  0.000157678
1420.420739063  0.000158003
1420.423668750  0.000156514
1420.426598438  0.000157240
1420.429528125  0.000158350
1420.432457813  0.000157393
1420.435387500  0.000157681
1420.438317188  0.000157629
1420.441246875  0.000158016
1420.444176563  0.000156906
1420.447106250  0.000157398
1420.450035938  0.000157642
1420.452965625  0.000157665
1420.455895313  0.000157437
1420.458825000  0.000157956
1420.461754688  0.000157361
1420.464684375  0.000157591
1420.467614063  0.000157030
1420.470543750  0.000157123
1420.473473438  0.000158192
1420.476403125  0.000157914
1420.479332813  0.000157299
1420.482262500  0.000157276
1420.485192188  0.000156296
1420.488121875  0.000156479
1420.491051563  0.000156734
1420.493981250  0.000156975
1420.496910938  0.000158299
1420.499840625  0.000156334
1420.502770313  0.000156485
1420.505700000  0.000156627
1420.508629688  0.000157678
1420.511559375  0.000157032
1420.514489063  0.000157039
1420.517418750  0.000157338
1420.520348438  0.000156990
1420.523278125  0.000156774
1420.526207813  0.000157352
1420.529137500  0.000156275
1420.532067188  0.000156756
1420.534996875  0.000156754
1420.537926563  0.000156814
1420.540856250  0.000157462
1420.543785938  0.000156734
1420.546715625  0.000155638
1420.549645313  0.000155974
1420.552575000  0.000156273
1420.555504688  0.000157302
1420.558434375  0.000156996
1420.561364063  0.000156704
1420.564293750  0.000156856
1420.567223438  0.000156814
1420.570153125  0.000156623
1420.573082813  0.000156547
1420.576012500  0.000155624
1420.578942188  0.000156674
1420.581871875  0.000155915
1420.584801563  0.000157006
1420.587731250  0.000157209
1420.590660938  0.000157018
1420.593590625  0.000156983
1420.596520313  0.000155853
1420.599450000  0.000156919
1420.602379688  0.000156342
1420.605309375  0.000157301
1420.608239063  0.000156541
1420.611168750  0.000156161
1420.614098438  0.000156138
1420.617028125  0.000156725
1420.619957813  0.000156361
1420.622887500  0.000156155
1420.625817188  0.000156906
1420.628746875  0.000155264
1420.631676563  0.000156783
1420.634606250  0.000156462
1420.637535938  0.000155921
1420.640465625  0.000156121
1420.643395313  0.000155880
1420.646325000  0.000156414
1420.649254688  0.000156206
1420.652184375  0.000155518
1420.655114063  0.000155699
1420.658043750  0.000155169
1420.660973438  0.000155852
1420.663903125  0.000156002
1420.666832813  0.000155628
1420.669762500  0.000156015
1420.672692188  0.000156529
1420.675621875  0.000156270
1420.678551563  0.000156541
1420.681481250  0.000154490
1420.684410938  0.000156409
1420.687340625  0.000155750
1420.690270313  0.000155156
1420.693200000  0.000154535
1420.696129688  0.000154815
1420.699059375  0.000154452
1420.701989063  0.000155123
1420.704918750  0.000156358
1420.707848438  0.000156190
1420.710778125  0.000155712
1420.713707813  0.000154992
1420.716637500  0.000154163
1420.719567188  0.000154409
1420.722496875  0.000155012
1420.725426563  0.000154442
1420.728356250  0.000154336
1420.731285938  0.000154900
1420.734215625  0.000154669
1420.737145313  0.000155514
1420.740075000  0.000155291
1420.743004688  0.000154390
1420.745934375  0.000155455
1420.748864063  0.000154879
1420.751793750  0.000155140
1420.754723438  0.000155163
1420.757653125  0.000155232
1420.760582813  0.000153105
1420.763512500  0.000154840
1420.766442188  0.000155315
1420.769371875  0.000155070
1420.772301563  0.000155434
1420.775231250  0.000153775
1420.778160938  0.000154906
1420.781090625  0.000154511
1420.784020313  0.000153768
1420.786950000  0.000154013
1420.789879688  0.000154400
1420.792809375  0.000154391
1420.795739063  0.000154328
1420.798668750  0.000154955
1420.801598438  0.000154484
1420.804528125  0.000153825
1420.807457813  0.000153593
1420.810387500  0.000154747
1420.813317188  0.000154031
1420.816246875  0.000154095
1420.819176563  0.000154013
1420.822106250  0.000153432
1420.825035938  0.000154451
1420.827965625  0.000154618
1420.830895313  0.000154267
1420.833825000  0.000153771
1420.836754688  0.000154129
1420.839684375  0.000155303
1420.842614063  0.000153507
1420.845543750  0.000153492
1420.848473438  0.000153497
1420.851403125  0.000153040
1420.854332813  0.000153375
1420.857262500  0.000153680
1420.860192188  0.000154612
1420.863121875  0.000152905
1420.866051563  0.000152868
1420.868981250  0.000152955
1420.871910938  0.000153956
1420.874840625  0.000153921
1420.877770313  0.000153232
1420.880700000  0.000153122
1420.883629688  0.000153375
1420.886559375  0.000153725
1420.889489063  0.000153973
1420.892418750  0.000153324
1420.895348438  0.000153174
1420.898278125  0.000153460
1420.901207813  0.000154720
1420.904137500  0.000153244
1420.907067188  0.000153772
1420.909996875  0.000153873
1420.912926563  0.000152403
1420.915856250  0.000153310
1420.918785938  0.000153223
1420.921715625  0.000153884
1420.924645313  0.000152758
1420.927575000  0.000152407
1420.930504688  0.000152830
1420.933434375  0.000153343
1420.936364063  0.000153054
1420.939293750  0.000154453
1420.942223438  0.000153393
1420.945153125  0.000152681
1420.948082813  0.000153612
1420.951012500  0.000153354
1420.953942188  0.000153001
1420.956871875  0.000152206
1420.959801563  0.000153013
1420.962731250  0.000153408
1420.965660938  0.000153272
1420.968590625  0.000152651
1420.971520313  0.000152728
1420.974450000  0.000152082
1420.977379688  0.000152709
1420.980309375  0.000154005
1420.983239063  0.000152821
1420.986168750  0.000151797
1420.989098438  0.000152236
1420.992028125  0.000152488
1420.994957813  0.000152185
1420.997887500  0.000152243
1421.000817188  0.000151965
1421.003746875  0.000152580
1421.006676563  0.000152758
1421.009606250  0.000152623
1421.012535938  0.000153022
1421.015465625  0.000153168
1421.018395313  0.000151964
1421.021325000  0.000152332
1421.024254688  0.000152570
1421.027184375  0.000152091
1421.030114063  0.000152323
1421.033043750  0.000151745
1421.035973438  0.000152795
1421.038903125  0.000153174
1421.041832813  0.000153249
1421.044762500  0.000152824
1421.047692188  0.000152639
1421.050621875  0.000152279
1421.053551563  0.000152359
1421.056481250  0.000152863
1421.059410938  0.000152726
1421.062340625  0.000151847
1421.065270313  0.000151925
1421.068200000  0.000153146
1421.071129688  0.000152862
1421.074059375  0.000152826
1421.076989063  0.000152114
1421.079918750  0.000151811
1421.082848438  0.000152523
1421.085778125  0.000152698
1421.088707813  0.000152515
1421.091637500  0.000152748
1421.094567188  0.000152864
1421.097496875  0.000152505
1421.100426563  0.000152394
1421.103356250  0.000153082
1421.106285938  0.000152900
1421.109215625  0.000152048
1421.112145313  0.000151985
1421.115075000  0.000152521
1421.118004688  0.000152244
1421.120934375  0.000151894
1421.123864063  0.000151791
1421.126793750  0.000151483
1421.129723438  0.000152867
1421.132653125  0.000152487
1421.135582813  0.000153333
1421.138512500  0.000152037
1421.141442188  0.000151436
1421.144371875  0.000151847
1421.147301563  0.000151835
1421.150231250  0.000151483
1421.153160938  0.000152100
1421.156090625  0.000152283
1421.159020313  0.000151702
1421.161950000  0.000152704
1421.164879688  0.000151773
1421.167809375  0.000152560
1421.170739063  0.000152311
1421.173668750  0.000152435
1421.176598438  0.000152754
1421.179528125  0.000151932
1421.182457813  0.000151863
1421.185387500  0.000151433
1421.188317188  0.000152185
1421.191246875  0.000152427
1421.194176563  0.000152539
1421.197106250  0.000152117
1421.200035938  0.000151872
1421.202965625  0.000152583
1421.205895313  0.000153002
1421.208825000  0.000152887
1421.211754688  0.000152430
1421.214684375  0.000152411
1421.217614063  0.000151754
1421.220543750  0.000152168
1421.223473438  0.000152264
1421.226403125  0.000151827
1421.229332813  0.000151813
1421.232262500  0.000151912
1421.235192188  0.000153420
1421.238121875  0.000153069
1421.241051563  0.000152918
1421.243981250  0.000153198
1421.246910938  0.000153669
1421.249840625  0.000154583
1421.252770313  0.000155746

