3/28/2023 8:27:44 PM  Counts:405500
1419.755700000  0.000181373
1419.758629688  0.000180245
1419.761559375  0.000180164
1419.764489063  0.000181631
1419.767418750  0.000180164
1419.770348438  0.000181029
1419.773278125  0.000180592
1419.776207813  0.000183359
1419.779137500  0.000182144
1419.782067188  0.000180975
1419.784996875  0.000179812
1419.787926563  0.000180690
1419.790856250  0.000178727
1419.793785938  0.000180203
1419.796715625  0.000180508
1419.799645313  0.000181433
1419.802575000  0.000181490
1419.805504688  0.000180009
1419.808434375  0.000182150
1419.811364063  0.000182757
1419.814293750  0.000180121
1419.817223438  0.000181718
1419.820153125  0.000179381
1419.823082813  0.000181096
1419.826012500  0.000180785
1419.828942188  0.000181268
1419.831871875  0.000181407
1419.834801563  0.000179984
1419.837731250  0.000181182
1419.840660938  0.000182490
1419.843590625  0.000182204
1419.846520313  0.000180717
1419.849450000  0.000182108
1419.852379688  0.000179402
1419.855309375  0.000180810
1419.858239063  0.000180693
1419.861168750  0.000180284
1419.864098438  0.000180843
1419.867028125  0.000180130
1419.869957813  0.000182717
1419.872887500  0.000180944
1419.875817188  0.000181717
1419.878746875  0.000180716
1419.881676563  0.000180475
1419.884606250  0.000180070
1419.887535938  0.000181111
1419.890465625  0.000181173
1419.893395313  0.000181221
1419.896325000  0.000180004
1419.899254688  0.000179463
1419.902184375  0.000180868
1419.905114063  0.000181171
1419.908043750  0.000180951
1419.910973438  0.000179984
1419.913903125  0.000180148
1419.916832813  0.000181647
1419.919762500  0.000180631
1419.922692188  0.000180791
1419.925621875  0.000181816
1419.928551563  0.000180839
1419.931481250  0.000183962
1419.934410938  0.000180306
1419.937340625  0.000180992
1419.940270313  0.000180988
1419.943200000  0.000180299
1419.946129688  0.000181999
1419.949059375  0.000180603
1419.951989063  0.000182153
1419.954918750  0.000182020
1419.957848438  0.000181628
1419.960778125  0.000183213
1419.963707813  0.000183996
1419.966637500  0.000181105
1419.969567188  0.000181899
1419.972496875  0.000180853
1419.975426563  0.000182134
1419.978356250  0.000181980
1419.981285938  0.000182561
1419.984215625  0.000182233
1419.987145313  0.000182527
1419.990075000  0.000182826
1419.993004688  0.000184660
1419.995934375  0.000181275
1419.998864063  0.000181767
1420.001793750  0.000182241
1420.004723438  0.000181694
1420.007653125  0.000181618
1420.010582813  0.000182865
1420.013512500  0.000183139
1420.016442188  0.000182897
1420.019371875  0.000183004
1420.022301563  0.000183090
1420.025231250  0.000183065
1420.028160938  0.000182952
1420.031090625  0.000184614
1420.034020313  0.000182841
1420.036950000  0.000183209
1420.039879688  0.000184018
1420.042809375  0.000183657
1420.045739063  0.000185090
1420.048668750  0.000184534
1420.051598438  0.000185974
1420.054528125  0.000186166
1420.057457813  0.000185075
1420.060387500  0.000185585
1420.063317188  0.000185434
1420.066246875  0.000185692
1420.069176563  0.000187802
1420.072106250  0.000188196
1420.075035938  0.000188099
1420.077965625  0.000189067
1420.080895313  0.000190153
1420.083825000  0.000190959
1420.086754688  0.000190636
1420.089684375  0.000189626
1420.092614063  0.000190355
1420.095543750  0.000191768
1420.098473438  0.000191555
1420.101403125  0.000193400
1420.104332813  0.000192507
1420.107262500  0.000196419
1420.110192188  0.000194550
1420.113121875  0.000196599
1420.116051563  0.000195823
1420.118981250  0.000196588
1420.121910938  0.000198012
1420.124840625  0.000199115
1420.127770313  0.000198775
1420.130700000  0.000199808
1420.133629688  0.000201286
1420.136559375  0.000201737
1420.139489063  0.000202482
1420.142418750  0.000203935
1420.145348438  0.000205164
1420.148278125  0.000205183
1420.151207813  0.000204545
1420.154137500  0.000205987
1420.157067188  0.000206559
1420.159996875  0.000208567
1420.162926563  0.000208185
1420.165856250  0.000208761
1420.168785938  0.000208622
1420.171715625  0.000209058
1420.174645313  0.000210831
1420.177575000  0.000209567
1420.180504688  0.000208537
1420.183434375  0.000209337
1420.186364063  0.000208816
1420.189293750  0.000208060
1420.192223438  0.000207987
1420.195153125  0.000206858
1420.198082813  0.000206171
1420.201012500  0.000206889
1420.203942188  0.000205741
1420.206871875  0.000206160
1420.209801563  0.000202693
1420.212731250  0.000202845
1420.215660938  0.000201960
1420.218590625  0.000200272
1420.221520313  0.000201002
1420.224450000  0.000199642
1420.227379688  0.000198854
1420.230309375  0.000198112
1420.233239063  0.000198213
1420.236168750  0.000196626
1420.239098438  0.000195977
1420.242028125  0.000194040
1420.244957813  0.000193683
1420.247887500  0.000192922
1420.250817188  0.000191684
1420.253746875  0.000190601
1420.256676563  0.000189222
1420.259606250  0.000189012
1420.262535938  0.000189334
1420.265465625  0.000189022
1420.268395313  0.000188790
1420.271325000  0.000186507
1420.274254688  0.000187950
1420.277184375  0.000188080
1420.280114063  0.000186745
1420.283043750  0.000185913
1420.285973438  0.000185498
1420.288903125  0.000184333
1420.291832813  0.000184502
1420.294762500  0.000186168
1420.297692188  0.000183486
1420.300621875  0.000183655
1420.303551563  0.000182541
1420.306481250  0.000184775
1420.309410938  0.000183581
1420.312340625  0.000182904
1420.315270313  0.000183773
1420.318200000  0.000182721
1420.321129688  0.000183172
1420.324059375  0.000183363
1420.326989063  0.000182961
1420.329918750  0.000183070
1420.332848438  0.000182013
1420.335778125  0.000182594
1420.338707813  0.000182608
1420.341637500  0.000182456
1420.344567188  0.000182328
1420.347496875  0.000182839
1420.350426563  0.000181382
1420.353356250  0.000182977
1420.356285938  0.000183038
1420.359215625  0.000182892
1420.362145313  0.000182872
1420.365075000  0.000181778
1420.368004688  0.000181253
1420.370934375  0.000182010
1420.373864063  0.000182030
1420.376793750  0.000181916
1420.379723438  0.000181334
1420.382653125  0.000183217
1420.385582813  0.000182787
1420.388512500  0.000182878
1420.391442188  0.000180340
1420.394371875  0.000179821
1420.397301563  0.000182947
1420.400231250  0.000182763
1420.403160938  0.000182019
1420.406090625  0.000182808
1420.409020313  0.000182538
1420.411950000  0.000181478
1420.414879688  0.000182621
1420.417809375  0.000182275
1420.420739063  0.000182316
1420.423668750  0.000180016
1420.426598438  0.000181395
1420.429528125  0.000182211
1420.432457813  0.000180449
1420.435387500  0.000182971
1420.438317188  0.000182977
1420.441246875  0.000181831
1420.444176563  0.000182891
1420.447106250  0.000181965
1420.450035938  0.000183162
1420.452965625  0.000182059
1420.455895313  0.000180803
1420.458825000  0.000183506
1420.461754688  0.000181442
1420.464684375  0.000182075
1420.467614063  0.000181965
1420.470543750  0.000182223
1420.473473438  0.000181180
1420.476403125  0.000184147
1420.479332813  0.000181731
1420.482262500  0.000182177
1420.485192188  0.000180207
1420.488121875  0.000181280
1420.491051563  0.000182407
1420.493981250  0.000181718
1420.496910938  0.000182889
1420.499840625  0.000181521
1420.502770313  0.000182610
1420.505700000  0.000184515
1420.508629688  0.000181790
1420.511559375  0.000181714
1420.514489063  0.000181918
1420.517418750  0.000181273
1420.520348438  0.000181505
1420.523278125  0.000182145
1420.526207813  0.000182231
1420.529137500  0.000182012
1420.532067188  0.000181077
1420.534996875  0.000182363
1420.537926563  0.000182337
1420.540856250  0.000182610
1420.543785938  0.000182522
1420.546715625  0.000181149
1420.549645313  0.000182829
1420.552575000  0.000181367
1420.555504688  0.000182394
1420.558434375  0.000181831
1420.561364063  0.000181164
1420.564293750  0.000183598
1420.567223438  0.000184131
1420.570153125  0.000181669
1420.573082813  0.000182776
1420.576012500  0.000180840
1420.578942188  0.000181872
1420.581871875  0.000184011
1420.584801563  0.000182327
1420.587731250  0.000182625
1420.590660938  0.000182185
1420.593590625  0.000180714
1420.596520313  0.000183384
1420.599450000  0.000181821
1420.602379688  0.000181170
1420.605309375  0.000183129
1420.608239063  0.000181482
1420.611168750  0.000183984
1420.614098438  0.000182458
1420.617028125  0.000181552
1420.619957813  0.000183136
1420.622887500  0.000182031
1420.625817188  0.000183611
1420.628746875  0.000182450
1420.631676563  0.000182828
1420.634606250  0.000182831
1420.637535938  0.000181033
1420.640465625  0.000181396
1420.643395313  0.000183043
1420.646325000  0.000182865
1420.649254688  0.000182715
1420.652184375  0.000182247
1420.655114063  0.000182782
1420.658043750  0.000184344
1420.660973438  0.000181599
1420.663903125  0.000182118
1420.666832813  0.000181105
1420.669762500  0.000181520
1420.672692188  0.000184080
1420.675621875  0.000182912
1420.678551563  0.000183270
1420.681481250  0.000180804
1420.684410938  0.000181114
1420.687340625  0.000182583
1420.690270313  0.000182486
1420.693200000  0.000180418
1420.696129688  0.000182177
1420.699059375  0.000180398
1420.701989063  0.000181445
1420.704918750  0.000183233
1420.707848438  0.000181185
1420.710778125  0.000181477
1420.713707813  0.000181082
1420.716637500  0.000182211
1420.719567188  0.000183170
1420.722496875  0.000180268
1420.725426563  0.000181111
1420.728356250  0.000181351
1420.731285938  0.000179787
1420.734215625  0.000180903
1420.737145313  0.000181078
1420.740075000  0.000181891
1420.743004688  0.000179533
1420.745934375  0.000181818
1420.748864063  0.000182532
1420.751793750  0.000181557
1420.754723438  0.000181818
1420.757653125  0.000181232
1420.760582813  0.000179459
1420.763512500  0.000181584
1420.766442188  0.000182193
1420.769371875  0.000181939
1420.772301563  0.000182113
1420.775231250  0.000180078
1420.778160938  0.000182826
1420.781090625  0.000181188
1420.784020313  0.000179370
1420.786950000  0.000180538
1420.789879688  0.000180032
1420.792809375  0.000180417
1420.795739063  0.000181916
1420.798668750  0.000182427
1420.801598438  0.000180919
1420.804528125  0.000180393
1420.807457813  0.000181491
1420.810387500  0.000182836
1420.813317188  0.000180527
1420.816246875  0.000180898
1420.819176563  0.000179340
1420.822106250  0.000179434
1420.825035938  0.000180618
1420.827965625  0.000180174
1420.830895313  0.000180363
1420.833825000  0.000181418
1420.836754688  0.000181276
1420.839684375  0.000183379
1420.842614063  0.000180605
1420.845543750  0.000180394
1420.848473438  0.000180668
1420.851403125  0.000179585
1420.854332813  0.000179759
1420.857262500  0.000180662
1420.860192188  0.000180187
1420.863121875  0.000179693
1420.866051563  0.000180876
1420.868981250  0.000181141
1420.871910938  0.000180820
1420.874840625  0.000179954
1420.877770313  0.000179395
1420.880700000  0.000180221
1420.883629688  0.000180049
1420.886559375  0.000181956
1420.889489063  0.000181769
1420.892418750  0.000181037
1420.895348438  0.000180429
1420.898278125  0.000181514
1420.901207813  0.000182815
1420.904137500  0.000180610
1420.907067188  0.000179421
1420.909996875  0.000180740
1420.912926563  0.000180436
1420.915856250  0.000181714
1420.918785938  0.000181254
1420.921715625  0.000181161
1420.924645313  0.000180047
1420.927575000  0.000181797
1420.930504688  0.000182552
1420.933434375  0.000182809
1420.936364063  0.000181197
1420.939293750  0.000181550
1420.942223438  0.000180347
1420.945153125  0.000179247
1420.948082813  0.000181538
1420.951012500  0.000181653
1420.953942188  0.000181488
1420.956871875  0.000179353
1420.959801563  0.000181667
1420.962731250  0.000181022
1420.965660938  0.000180261
1420.968590625  0.000180441
1420.971520313  0.000180661
1420.974450000  0.000179245
1420.977379688  0.000180288
1420.980309375  0.000182282
1420.983239063  0.000180179
1420.986168750  0.000179344
1420.989098438  0.000180934
1420.992028125  0.000181384
1420.994957813  0.000180838
1420.997887500  0.000179713
1421.000817188  0.000180159
1421.003746875  0.000180309
1421.006676563  0.000181333
1421.009606250  0.000180603
1421.012535938  0.000180280
1421.015465625  0.000180221
1421.018395313  0.000178868
1421.021325000  0.000181498
1421.024254688  0.000180230
1421.027184375  0.000179235
1421.030114063  0.000180158
1421.033043750  0.000180946
1421.035973438  0.000182006
1421.038903125  0.000181400
1421.041832813  0.000181132
1421.044762500  0.000178882
1421.047692188  0.000181677
1421.050621875  0.000180882
1421.053551563  0.000181884
1421.056481250  0.000180481
1421.059410938  0.000180337
1421.062340625  0.000179730
1421.065270313  0.000180246
1421.068200000  0.000181512
1421.071129688  0.000181846
1421.074059375  0.000181214
1421.076989063  0.000180683
1421.079918750  0.000181017
1421.082848438  0.000182266
1421.085778125  0.000181216
1421.088707813  0.000180418
1421.091637500  0.000180336
1421.094567188  0.000181441
1421.097496875  0.000181059
1421.100426563  0.000181122
1421.103356250  0.000182484
1421.106285938  0.000179802
1421.109215625  0.000180477
1421.112145313  0.000181232
1421.115075000  0.000182672
1421.118004688  0.000179576
1421.120934375  0.000180005
1421.123864063  0.000180675
1421.126793750  0.000180401
1421.129723438  0.000181615
1421.132653125  0.000181577
1421.135582813  0.000181571
1421.138512500  0.000179942
1421.141442188  0.000180781
1421.144371875  0.000180248
1421.147301563  0.000179733
1421.150231250  0.000178301
1421.153160938  0.000180222
1421.156090625  0.000179671
1421.159020313  0.000179341
1421.161950000  0.000180847
1421.164879688  0.000180478
1421.167809375  0.000180737
1421.170739063  0.000181112
1421.173668750  0.000181083
1421.176598438  0.000182249
1421.179528125  0.000180050
1421.182457813  0.000180045
1421.185387500  0.000180782
1421.188317188  0.000179595
1421.191246875  0.000180583
1421.194176563  0.000180431
1421.197106250  0.000181694
1421.200035938  0.000180592
1421.202965625  0.000183652
1421.205895313  0.000181738
1421.208825000  0.000182041
1421.211754688  0.000180741
1421.214684375  0.000181572
1421.217614063  0.000180322
1421.220543750  0.000179786
1421.223473438  0.000182265
1421.226403125  0.000180713
1421.229332813  0.000181251
1421.232262500  0.000181073
1421.235192188  0.000182274
1421.238121875  0.000181593
1421.241051563  0.000180431
1421.243981250  0.000181660
1421.246910938  0.000182044
1421.249840625  0.000181484
1421.252770313  0.000182009

