3/28/2023 7:55:26 PM  Counts:405500
1419.755700000  0.000137887
1419.758629688  0.000137811
1419.761559375  0.000137831
1419.764489063  0.000138112
1419.767418750  0.000138222
1419.770348438  0.000138468
1419.773278125  0.000138373
1419.776207813  0.000139012
1419.779137500  0.000138648
1419.782067188  0.000138683
1419.784996875  0.000138369
1419.787926563  0.000138271
1419.790856250  0.000138434
1419.793785938  0.000138496
1419.796715625  0.000138667
1419.799645313  0.000138404
1419.802575000  0.000138676
1419.805504688  0.000138514
1419.808434375  0.000138323
1419.811364063  0.000138807
1419.814293750  0.000138606
1419.817223438  0.000138629
1419.820153125  0.000138134
1419.823082813  0.000138533
1419.826012500  0.000138625
1419.828942188  0.000138428
1419.831871875  0.000138633
1419.834801563  0.000138740
1419.837731250  0.000138184
1419.840660938  0.000138530
1419.843590625  0.000138603
1419.846520313  0.000138495
1419.849450000  0.000138621
1419.852379688  0.000138205
1419.855309375  0.000138436
1419.858239063  0.000138615
1419.861168750  0.000138371
1419.864098438  0.000138479
1419.867028125  0.000138316
1419.869957813  0.000138503
1419.872887500  0.000138535
1419.875817188  0.000138638
1419.878746875  0.000138347
1419.881676563  0.000138382
1419.884606250  0.000138454
1419.887535938  0.000138482
1419.890465625  0.000138423
1419.893395313  0.000138448
1419.896325000  0.000138169
1419.899254688  0.000137972
1419.902184375  0.000138224
1419.905114063  0.000138560
1419.908043750  0.000138688
1419.910973438  0.000138348
1419.913903125  0.000138158
1419.916832813  0.000138137
1419.919762500  0.000138458
1419.922692188  0.000137999
1419.925621875  0.000138309
1419.928551563  0.000137927
1419.931481250  0.000138696
1419.934410938  0.000138384
1419.937340625  0.000138117
1419.940270313  0.000138149
1419.943200000  0.000138449
1419.946129688  0.000138168
1419.949059375  0.000138093
1419.951989063  0.000138197
1419.954918750  0.000138280
1419.957848438  0.000138385
1419.960778125  0.000138418
1419.963707813  0.000138259
1419.966637500  0.000138487
1419.969567188  0.000138260
1419.972496875  0.000138216
1419.975426563  0.000138460
1419.978356250  0.000138365
1419.981285938  0.000138200
1419.984215625  0.000138530
1419.987145313  0.000138571
1419.990075000  0.000138399
1419.993004688  0.000138335
1419.995934375  0.000137879
1419.998864063  0.000138284
1420.001793750  0.000137824
1420.004723438  0.000138189
1420.007653125  0.000137830
1420.010582813  0.000137890
1420.013512500  0.000138367
1420.016442188  0.000138012
1420.019371875  0.000138039
1420.022301563  0.000138203
1420.025231250  0.000138244
1420.028160938  0.000137689
1420.031090625  0.000138383
1420.034020313  0.000137949
1420.036950000  0.000137895
1420.039879688  0.000137767
1420.042809375  0.000137693
1420.045739063  0.000137827
1420.048668750  0.000138048
1420.051598438  0.000137984
1420.054528125  0.000138443
1420.057457813  0.000138057
1420.060387500  0.000137803
1420.063317188  0.000137830
1420.066246875  0.000138003
1420.069176563  0.000138215
1420.072106250  0.000137873
1420.075035938  0.000137656
1420.077965625  0.000137649
1420.080895313  0.000138284
1420.083825000  0.000138182
1420.086754688  0.000138038
1420.089684375  0.000137553
1420.092614063  0.000137572
1420.095543750  0.000138021
1420.098473438  0.000137521
1420.101403125  0.000137923
1420.104332813  0.000137695
1420.107262500  0.000138157
1420.110192188  0.000137966
1420.113121875  0.000137918
1420.116051563  0.000137853
1420.118981250  0.000137758
1420.121910938  0.000137672
1420.124840625  0.000137873
1420.127770313  0.000137889
1420.130700000  0.000137798
1420.133629688  0.000137882
1420.136559375  0.000137784
1420.139489063  0.000137776
1420.142418750  0.000138185
1420.145348438  0.000138178
1420.148278125  0.000138014
1420.151207813  0.000137593
1420.154137500  0.000138078
1420.157067188  0.000137766
1420.159996875  0.000138033
1420.162926563  0.000137685
1420.165856250  0.000137848
1420.168785938  0.000137621
1420.171715625  0.000138169
1420.174645313  0.000138131
1420.177575000  0.000138017
1420.180504688  0.000138201
1420.183434375  0.000137878
1420.186364063  0.000137982
1420.189293750  0.000137826
1420.192223438  0.000138165
1420.195153125  0.000137914
1420.198082813  0.000137912
1420.201012500  0.000138489
1420.203942188  0.000138364
1420.206871875  0.000138559
1420.209801563  0.000138370
1420.212731250  0.000138002
1420.215660938  0.000138728
1420.218590625  0.000138666
1420.221520313  0.000138499
1420.224450000  0.000138648
1420.227379688  0.000138406
1420.230309375  0.000139144
1420.233239063  0.000139260
1420.236168750  0.000139520
1420.239098438  0.000139634
1420.242028125  0.000139701
1420.244957813  0.000140140
1420.247887500  0.000140853
1420.250817188  0.000140780
1420.253746875  0.000141440
1420.256676563  0.000142087
1420.259606250  0.000142417
1420.262535938  0.000143722
1420.265465625  0.000143925
1420.268395313  0.000144895
1420.271325000  0.000145551
1420.274254688  0.000147295
1420.277184375  0.000148300
1420.280114063  0.000149255
1420.283043750  0.000150037
1420.285973438  0.000151081
1420.288903125  0.000151668
1420.291832813  0.000153030
1420.294762500  0.000154216
1420.297692188  0.000154751
1420.300621875  0.000156005
1420.303551563  0.000156695
1420.306481250  0.000157690
1420.309410938  0.000158712
1420.312340625  0.000159132
1420.315270313  0.000159506
1420.318200000  0.000159832
1420.321129688  0.000159940
1420.324059375  0.000160450
1420.326989063  0.000160108
1420.329918750  0.000160523
1420.332848438  0.000160408
1420.335778125  0.000160286
1420.338707813  0.000160413
1420.341637500  0.000160485
1420.344567188  0.000160447
1420.347496875  0.000160958
1420.350426563  0.000161167
1420.353356250  0.000161670
1420.356285938  0.000161805
1420.359215625  0.000161737
1420.362145313  0.000162193
1420.365075000  0.000161736
1420.368004688  0.000161449
1420.370934375  0.000161333
1420.373864063  0.000161083
1420.376793750  0.000161346
1420.379723438  0.000160658
1420.382653125  0.000160447
1420.385582813  0.000160161
1420.388512500  0.000159782
1420.391442188  0.000158818
1420.394371875  0.000158596
1420.397301563  0.000158356
1420.400231250  0.000157891
1420.403160938  0.000157173
1420.406090625  0.000157061
1420.409020313  0.000156857
1420.411950000  0.000156436
1420.414879688  0.000156162
1420.417809375  0.000156141
1420.420739063  0.000156346
1420.423668750  0.000155810
1420.426598438  0.000155803
1420.429528125  0.000156537
1420.432457813  0.000156197
1420.435387500  0.000156455
1420.438317188  0.000156812
1420.441246875  0.000156498
1420.444176563  0.000156800
1420.447106250  0.000156891
1420.450035938  0.000157109
1420.452965625  0.000157224
1420.455895313  0.000156928
1420.458825000  0.000157384
1420.461754688  0.000157685
1420.464684375  0.000157330
1420.467614063  0.000157312
1420.470543750  0.000157401
1420.473473438  0.000157368
1420.476403125  0.000157839
1420.479332813  0.000157398
1420.482262500  0.000157540
1420.485192188  0.000157160
1420.488121875  0.000156761
1420.491051563  0.000156983
1420.493981250  0.000156801
1420.496910938  0.000157033
1420.499840625  0.000156396
1420.502770313  0.000156293
1420.505700000  0.000156581
1420.508629688  0.000156117
1420.511559375  0.000155452
1420.514489063  0.000155343
1420.517418750  0.000154954
1420.520348438  0.000154715
1420.523278125  0.000154596
1420.526207813  0.000154314
1420.529137500  0.000153777
1420.532067188  0.000153524
1420.534996875  0.000153020
1420.537926563  0.000152940
1420.540856250  0.000152539
1420.543785938  0.000152293
1420.546715625  0.000151952
1420.549645313  0.000151729
1420.552575000  0.000151351
1420.555504688  0.000151300
1420.558434375  0.000150650
1420.561364063  0.000151012
1420.564293750  0.000150444
1420.567223438  0.000150252
1420.570153125  0.000149800
1420.573082813  0.000149897
1420.576012500  0.000149140
1420.578942188  0.000148710
1420.581871875  0.000148556
1420.584801563  0.000148207
1420.587731250  0.000147740
1420.590660938  0.000147264
1420.593590625  0.000146837
1420.596520313  0.000146386
1420.599450000  0.000146523
1420.602379688  0.000145849
1420.605309375  0.000146233
1420.608239063  0.000145306
1420.611168750  0.000145496
1420.614098438  0.000145166
1420.617028125  0.000144102
1420.619957813  0.000144352
1420.622887500  0.000144061
1420.625817188  0.000143974
1420.628746875  0.000143796
1420.631676563  0.000143626
1420.634606250  0.000143270
1420.637535938  0.000142926
1420.640465625  0.000143039
1420.643395313  0.000143062
1420.646325000  0.000143079
1420.649254688  0.000142872
1420.652184375  0.000143253
1420.655114063  0.000143020
1420.658043750  0.000142720
1420.660973438  0.000142416
1420.663903125  0.000142257
1420.666832813  0.000142600
1420.669762500  0.000142293
1420.672692188  0.000142844
1420.675621875  0.000142251
1420.678551563  0.000141822
1420.681481250  0.000141690
1420.684410938  0.000141485
1420.687340625  0.000141400
1420.690270313  0.000141442
1420.693200000  0.000140907
1420.696129688  0.000140823
1420.699059375  0.000140686
1420.701989063  0.000140399
1420.704918750  0.000140820
1420.707848438  0.000140265
1420.710778125  0.000140020
1420.713707813  0.000139871
1420.716637500  0.000139590
1420.719567188  0.000139811
1420.722496875  0.000139775
1420.725426563  0.000139304
1420.728356250  0.000139214
1420.731285938  0.000139037
1420.734215625  0.000139477
1420.737145313  0.000139380
1420.740075000  0.000139031
1420.743004688  0.000138778
1420.745934375  0.000139141
1420.748864063  0.000139197
1420.751793750  0.000139229
1420.754723438  0.000138699
1420.757653125  0.000138577
1420.760582813  0.000138416
1420.763512500  0.000138791
1420.766442188  0.000138634
1420.769371875  0.000138584
1420.772301563  0.000138558
1420.775231250  0.000137842
1420.778160938  0.000138563
1420.781090625  0.000138693
1420.784020313  0.000138004
1420.786950000  0.000137863
1420.789879688  0.000137841
1420.792809375  0.000137995
1420.795739063  0.000137977
1420.798668750  0.000137867
1420.801598438  0.000138088
1420.804528125  0.000137835
1420.807457813  0.000137633
1420.810387500  0.000138031
1420.813317188  0.000137698
1420.816246875  0.000137571
1420.819176563  0.000137571
1420.822106250  0.000137230
1420.825035938  0.000137590
1420.827965625  0.000137434
1420.830895313  0.000137607
1420.833825000  0.000137350
1420.836754688  0.000137466
1420.839684375  0.000137645
1420.842614063  0.000137057
1420.845543750  0.000137222
1420.848473438  0.000137239
1420.851403125  0.000137254
1420.854332813  0.000136865
1420.857262500  0.000137232
1420.860192188  0.000136749
1420.863121875  0.000136895
1420.866051563  0.000137008
1420.868981250  0.000136990
1420.871910938  0.000137133
1420.874840625  0.000136815
1420.877770313  0.000136581
1420.880700000  0.000136941
1420.883629688  0.000136763
1420.886559375  0.000136924
1420.889489063  0.000136741
1420.892418750  0.000136700
1420.895348438  0.000136950
1420.898278125  0.000137086
1420.901207813  0.000137459
1420.904137500  0.000137006
1420.907067188  0.000136329
1420.909996875  0.000136841
1420.912926563  0.000136748
1420.915856250  0.000136836
1420.918785938  0.000136565
1420.921715625  0.000136729
1420.924645313  0.000136551
1420.927575000  0.000136778
1420.930504688  0.000136758
1420.933434375  0.000137237
1420.936364063  0.000136783
1420.939293750  0.000136464
1420.942223438  0.000136888
1420.945153125  0.000137040
1420.948082813  0.000137186
1420.951012500  0.000136657
1420.953942188  0.000136572
1420.956871875  0.000136352
1420.959801563  0.000137086
1420.962731250  0.000136922
1420.965660938  0.000136352
1420.968590625  0.000136662
1420.971520313  0.000136704
1420.974450000  0.000136649
1420.977379688  0.000136785
1420.980309375  0.000137093
1420.983239063  0.000136502
1420.986168750  0.000136050
1420.989098438  0.000136864
1420.992028125  0.000136462
1420.994957813  0.000136739
1420.997887500  0.000136201
1421.000817188  0.000136446
1421.003746875  0.000136844
1421.006676563  0.000136520
1421.009606250  0.000136702
1421.012535938  0.000136648
1421.015465625  0.000136461
1421.018395313  0.000136810
1421.021325000  0.000136683
1421.024254688  0.000136551
1421.027184375  0.000136436
1421.030114063  0.000136339
1421.033043750  0.000136668
1421.035973438  0.000136962
1421.038903125  0.000136688
1421.041832813  0.000136496
1421.044762500  0.000136582
1421.047692188  0.000137061
1421.050621875  0.000136725
1421.053551563  0.000136746
1421.056481250  0.000136837
1421.059410938  0.000136575
1421.062340625  0.000136284
1421.065270313  0.000136555
1421.068200000  0.000136524
1421.071129688  0.000136986
1421.074059375  0.000136789
1421.076989063  0.000136565
1421.079918750  0.000137022
1421.082848438  0.000136794
1421.085778125  0.000136793
1421.088707813  0.000136710
1421.091637500  0.000136728
1421.094567188  0.000136857
1421.097496875  0.000136682
1421.100426563  0.000136805
1421.103356250  0.000136985
1421.106285938  0.000136947
1421.109215625  0.000136767
1421.112145313  0.000136852
1421.115075000  0.000136938
1421.118004688  0.000136634
1421.120934375  0.000136879
1421.123864063  0.000137064
1421.126793750  0.000136866
1421.129723438  0.000137099
1421.132653125  0.000136832
1421.135582813  0.000137129
1421.138512500  0.000136823
1421.141442188  0.000136824
1421.144371875  0.000136869
1421.147301563  0.000137044
1421.150231250  0.000136560
1421.153160938  0.000137078
1421.156090625  0.000137054
1421.159020313  0.000136660
1421.161950000  0.000136718
1421.164879688  0.000136948
1421.167809375  0.000136920
1421.170739063  0.000137219
1421.173668750  0.000136976
1421.176598438  0.000137291
1421.179528125  0.000136963
1421.182457813  0.000136986
1421.185387500  0.000136886
1421.188317188  0.000137087
1421.191246875  0.000136993
1421.194176563  0.000137007
1421.197106250  0.000137129
1421.200035938  0.000137048
1421.202965625  0.000137644
1421.205895313  0.000136705
1421.208825000  0.000136990
1421.211754688  0.000137159
1421.214684375  0.000137023
1421.217614063  0.000137354
1421.220543750  0.000137187
1421.223473438  0.000137045
1421.226403125  0.000137003
1421.229332813  0.000137000
1421.232262500  0.000137599
1421.235192188  0.000137429
1421.238121875  0.000137654
1421.241051563  0.000137411
1421.243981250  0.000137646
1421.246910938  0.000137430
1421.249840625  0.000137563
1421.252770313  0.000137868

