3/28/2023 8:43:53 PM  Counts:405500
1419.755700000  0.000160655
1419.758629688  0.000160459
1419.761559375  0.000160312
1419.764489063  0.000160724
1419.767418750  0.000160804
1419.770348438  0.000161344
1419.773278125  0.000161271
1419.776207813  0.000162589
1419.779137500  0.000161156
1419.782067188  0.000161202
1419.784996875  0.000160435
1419.787926563  0.000160841
1419.790856250  0.000161316
1419.793785938  0.000161091
1419.796715625  0.000161590
1419.799645313  0.000162381
1419.802575000  0.000162503
1419.805504688  0.000162019
1419.808434375  0.000162508
1419.811364063  0.000162562
1419.814293750  0.000162262
1419.817223438  0.000161941
1419.820153125  0.000161709
1419.823082813  0.000162460
1419.826012500  0.000162408
1419.828942188  0.000163388
1419.831871875  0.000163055
1419.834801563  0.000163034
1419.837731250  0.000163399
1419.840660938  0.000162768
1419.843590625  0.000163162
1419.846520313  0.000163036
1419.849450000  0.000163564
1419.852379688  0.000162798
1419.855309375  0.000162858
1419.858239063  0.000163626
1419.861168750  0.000163717
1419.864098438  0.000164626
1419.867028125  0.000163948
1419.869957813  0.000164049
1419.872887500  0.000164173
1419.875817188  0.000165560
1419.878746875  0.000164388
1419.881676563  0.000164965
1419.884606250  0.000165115
1419.887535938  0.000164930
1419.890465625  0.000165401
1419.893395313  0.000164980
1419.896325000  0.000165397
1419.899254688  0.000164998
1419.902184375  0.000165387
1419.905114063  0.000165918
1419.908043750  0.000165746
1419.910973438  0.000165567
1419.913903125  0.000165834
1419.916832813  0.000166555
1419.919762500  0.000166192
1419.922692188  0.000166253
1419.925621875  0.000166898
1419.928551563  0.000166114
1419.931481250  0.000166748
1419.934410938  0.000166255
1419.937340625  0.000166180
1419.940270313  0.000166023
1419.943200000  0.000167153
1419.946129688  0.000166336
1419.949059375  0.000165976
1419.951989063  0.000167402
1419.954918750  0.000166554
1419.957848438  0.000167018
1419.960778125  0.000166682
1419.963707813  0.000166935
1419.966637500  0.000166092
1419.969567188  0.000166366
1419.972496875  0.000165839
1419.975426563  0.000166828
1419.978356250  0.000166079
1419.981285938  0.000166376
1419.984215625  0.000166911
1419.987145313  0.000166485
1419.990075000  0.000167525
1419.993004688  0.000166882
1419.995934375  0.000166073
1419.998864063  0.000165894
1420.001793750  0.000165542
1420.004723438  0.000165731
1420.007653125  0.000165286
1420.010582813  0.000166106
1420.013512500  0.000166725
1420.016442188  0.000166497
1420.019371875  0.000166290
1420.022301563  0.000165869
1420.025231250  0.000166165
1420.028160938  0.000165974
1420.031090625  0.000166641
1420.034020313  0.000166189
1420.036950000  0.000166088
1420.039879688  0.000166363
1420.042809375  0.000166907
1420.045739063  0.000166884
1420.048668750  0.000167432
1420.051598438  0.000167506
1420.054528125  0.000167480
1420.057457813  0.000166671
1420.060387500  0.000166896
1420.063317188  0.000167137
1420.066246875  0.000167030
1420.069176563  0.000167372
1420.072106250  0.000168421
1420.075035938  0.000168061
1420.077965625  0.000168697
1420.080895313  0.000168945
1420.083825000  0.000169440
1420.086754688  0.000169594
1420.089684375  0.000168735
1420.092614063  0.000169295
1420.095543750  0.000170421
1420.098473438  0.000169614
1420.101403125  0.000170848
1420.104332813  0.000171074
1420.107262500  0.000173269
1420.110192188  0.000172188
1420.113121875  0.000172640
1420.116051563  0.000172054
1420.118981250  0.000172180
1420.121910938  0.000172286
1420.124840625  0.000172020
1420.127770313  0.000172045
1420.130700000  0.000171690
1420.133629688  0.000172311
1420.136559375  0.000172515
1420.139489063  0.000171962
1420.142418750  0.000172008
1420.145348438  0.000171777
1420.148278125  0.000171181
1420.151207813  0.000170281
1420.154137500  0.000170143
1420.157067188  0.000169196
1420.159996875  0.000169854
1420.162926563  0.000168744
1420.165856250  0.000169315
1420.168785938  0.000168753
1420.171715625  0.000168999
1420.174645313  0.000169505
1420.177575000  0.000168434
1420.180504688  0.000168049
1420.183434375  0.000168472
1420.186364063  0.000168164
1420.189293750  0.000168072
1420.192223438  0.000168581
1420.195153125  0.000168372
1420.198082813  0.000169296
1420.201012500  0.000169915
1420.203942188  0.000169034
1420.206871875  0.000169000
1420.209801563  0.000167795
1420.212731250  0.000167586
1420.215660938  0.000167156
1420.218590625  0.000165879
1420.221520313  0.000165909
1420.224450000  0.000164938
1420.227379688  0.000165188
1420.230309375  0.000164379
1420.233239063  0.000164546
1420.236168750  0.000164092
1420.239098438  0.000163877
1420.242028125  0.000163591
1420.244957813  0.000163850
1420.247887500  0.000163095
1420.250817188  0.000162696
1420.253746875  0.000161505
1420.256676563  0.000161925
1420.259606250  0.000162434
1420.262535938  0.000162823
1420.265465625  0.000162781
1420.268395313  0.000161870
1420.271325000  0.000161732
1420.274254688  0.000163140
1420.277184375  0.000162578
1420.280114063  0.000162831
1420.283043750  0.000161989
1420.285973438  0.000161977
1420.288903125  0.000161995
1420.291832813  0.000161514
1420.294762500  0.000162037
1420.297692188  0.000161968
1420.300621875  0.000161237
1420.303551563  0.000161342
1420.306481250  0.000161744
1420.309410938  0.000162210
1420.312340625  0.000161699
1420.315270313  0.000161110
1420.318200000  0.000161484
1420.321129688  0.000161683
1420.324059375  0.000162064
1420.326989063  0.000162100
1420.329918750  0.000162035
1420.332848438  0.000161720
1420.335778125  0.000161633
1420.338707813  0.000161638
1420.341637500  0.000162756
1420.344567188  0.000161175
1420.347496875  0.000161991
1420.350426563  0.000161404
1420.353356250  0.000162247
1420.356285938  0.000162186
1420.359215625  0.000161682
1420.362145313  0.000161698
1420.365075000  0.000162051
1420.368004688  0.000161859
1420.370934375  0.000162091
1420.373864063  0.000161830
1420.376793750  0.000161933
1420.379723438  0.000161586
1420.382653125  0.000161533
1420.385582813  0.000162171
1420.388512500  0.000162000
1420.391442188  0.000160978
1420.394371875  0.000161387
1420.397301563  0.000161854
1420.400231250  0.000162177
1420.403160938  0.000162031
1420.406090625  0.000161903
1420.409020313  0.000161814
1420.411950000  0.000161615
1420.414879688  0.000162145
1420.417809375  0.000162546
1420.420739063  0.000161806
1420.423668750  0.000160821
1420.426598438  0.000161496
1420.429528125  0.000161857
1420.432457813  0.000161553
1420.435387500  0.000161656
1420.438317188  0.000162108
1420.441246875  0.000162112
1420.444176563  0.000161532
1420.447106250  0.000162038
1420.450035938  0.000161720
1420.452965625  0.000161682
1420.455895313  0.000161466
1420.458825000  0.000162648
1420.461754688  0.000161687
1420.464684375  0.000161902
1420.467614063  0.000161477
1420.470543750  0.000161892
1420.473473438  0.000161709
1420.476403125  0.000162486
1420.479332813  0.000161951
1420.482262500  0.000161825
1420.485192188  0.000161802
1420.488121875  0.000161083
1420.491051563  0.000161903
1420.493981250  0.000162119
1420.496910938  0.000162167
1420.499840625  0.000161928
1420.502770313  0.000161483
1420.505700000  0.000162726
1420.508629688  0.000161533
1420.511559375  0.000161307
1420.514489063  0.000161506
1420.517418750  0.000161461
1420.520348438  0.000161544
1420.523278125  0.000161905
1420.526207813  0.000161983
1420.529137500  0.000161822
1420.532067188  0.000161749
1420.534996875  0.000161254
1420.537926563  0.000161812
1420.540856250  0.000162039
1420.543785938  0.000161882
1420.546715625  0.000161924
1420.549645313  0.000161410
1420.552575000  0.000161660
1420.555504688  0.000162073
1420.558434375  0.000161198
1420.561364063  0.000161893
1420.564293750  0.000162428
1420.567223438  0.000162361
1420.570153125  0.000161346
1420.573082813  0.000162036
1420.576012500  0.000161361
1420.578942188  0.000161852
1420.581871875  0.000161587
1420.584801563  0.000162961
1420.587731250  0.000161727
1420.590660938  0.000161892
1420.593590625  0.000161661
1420.596520313  0.000161421
1420.599450000  0.000162330
1420.602379688  0.000160801
1420.605309375  0.000162921
1420.608239063  0.000161899
1420.611168750  0.000162596
1420.614098438  0.000162188
1420.617028125  0.000161480
1420.619957813  0.000161641
1420.622887500  0.000162062
1420.625817188  0.000162119
1420.628746875  0.000161880
1420.631676563  0.000161983
1420.634606250  0.000161440
1420.637535938  0.000161202
1420.640465625  0.000161383
1420.643395313  0.000161877
1420.646325000  0.000162337
1420.649254688  0.000162144
1420.652184375  0.000162062
1420.655114063  0.000161386
1420.658043750  0.000161505
1420.660973438  0.000161551
1420.663903125  0.000161031
1420.666832813  0.000161559
1420.669762500  0.000161975
1420.672692188  0.000162488
1420.675621875  0.000162443
1420.678551563  0.000161992
1420.681481250  0.000160402
1420.684410938  0.000161330
1420.687340625  0.000160655
1420.690270313  0.000161602
1420.693200000  0.000160234
1420.696129688  0.000160720
1420.699059375  0.000160532
1420.701989063  0.000160442
1420.704918750  0.000162614
1420.707848438  0.000161743
1420.710778125  0.000161412
1420.713707813  0.000160978
1420.716637500  0.000161005
1420.719567188  0.000161326
1420.722496875  0.000161178
1420.725426563  0.000160480
1420.728356250  0.000160673
1420.731285938  0.000160226
1420.734215625  0.000160674
1420.737145313  0.000161180
1420.740075000  0.000160739
1420.743004688  0.000160576
1420.745934375  0.000160793
1420.748864063  0.000160697
1420.751793750  0.000161065
1420.754723438  0.000160789
1420.757653125  0.000161063
1420.760582813  0.000160007
1420.763512500  0.000161023
1420.766442188  0.000161381
1420.769371875  0.000161391
1420.772301563  0.000161624
1420.775231250  0.000160461
1420.778160938  0.000161310
1420.781090625  0.000161020
1420.784020313  0.000159774
1420.786950000  0.000160289
1420.789879688  0.000160186
1420.792809375  0.000159824
1420.795739063  0.000161185
1420.798668750  0.000161283
1420.801598438  0.000160850
1420.804528125  0.000160586
1420.807457813  0.000160316
1420.810387500  0.000160916
1420.813317188  0.000160217
1420.816246875  0.000159986
1420.819176563  0.000159570
1420.822106250  0.000159805
1420.825035938  0.000160070
1420.827965625  0.000160407
1420.830895313  0.000160578
1420.833825000  0.000160900
1420.836754688  0.000161476
1420.839684375  0.000161132
1420.842614063  0.000160410
1420.845543750  0.000159821
1420.848473438  0.000159889
1420.851403125  0.000159714
1420.854332813  0.000159538
1420.857262500  0.000159793
1420.860192188  0.000160532
1420.863121875  0.000159881
1420.866051563  0.000160377
1420.868981250  0.000160002
1420.871910938  0.000159863
1420.874840625  0.000159999
1420.877770313  0.000159111
1420.880700000  0.000160039
1420.883629688  0.000159585
1420.886559375  0.000160693
1420.889489063  0.000160500
1420.892418750  0.000159947
1420.895348438  0.000160699
1420.898278125  0.000160921
1420.901207813  0.000161299
1420.904137500  0.000160323
1420.907067188  0.000159706
1420.909996875  0.000160186
1420.912926563  0.000159390
1420.915856250  0.000160422
1420.918785938  0.000160156
1420.921715625  0.000160320
1420.924645313  0.000160371
1420.927575000  0.000160371
1420.930504688  0.000160227
1420.933434375  0.000160986
1420.936364063  0.000160995
1420.939293750  0.000159950
1420.942223438  0.000160358
1420.945153125  0.000159669
1420.948082813  0.000160346
1420.951012500  0.000160301
1420.953942188  0.000160627
1420.956871875  0.000159527
1420.959801563  0.000160354
1420.962731250  0.000160427
1420.965660938  0.000160117
1420.968590625  0.000159807
1420.971520313  0.000160044
1420.974450000  0.000159230
1420.977379688  0.000159554
1420.980309375  0.000161049
1420.983239063  0.000159725
1420.986168750  0.000159217
1420.989098438  0.000159970
1420.992028125  0.000159840
1420.994957813  0.000159653
1420.997887500  0.000159537
1421.000817188  0.000159018
1421.003746875  0.000159951
1421.006676563  0.000159973
1421.009606250  0.000160061
1421.012535938  0.000160110
1421.015465625  0.000159997
1421.018395313  0.000159414
1421.021325000  0.000159580
1421.024254688  0.000160044
1421.027184375  0.000159438
1421.030114063  0.000159678
1421.033043750  0.000159273
1421.035973438  0.000160818
1421.038903125  0.000160032
1421.041832813  0.000160120
1421.044762500  0.000160011
1421.047692188  0.000160394
1421.050621875  0.000160163
1421.053551563  0.000160400
1421.056481250  0.000160216
1421.059410938  0.000160081
1421.062340625  0.000159271
1421.065270313  0.000159420
1421.068200000  0.000160216
1421.071129688  0.000159853
1421.074059375  0.000160437
1421.076989063  0.000159511
1421.079918750  0.000160308
1421.082848438  0.000160167
1421.085778125  0.000159757
1421.088707813  0.000160076
1421.091637500  0.000159453
1421.094567188  0.000160228
1421.097496875  0.000159848
1421.100426563  0.000159882
1421.103356250  0.000161351
1421.106285938  0.000159996
1421.109215625  0.000159574
1421.112145313  0.000159646
1421.115075000  0.000160186
1421.118004688  0.000159597
1421.120934375  0.000159508
1421.123864063  0.000159089
1421.126793750  0.000159270
1421.129723438  0.000160417
1421.132653125  0.000159676
1421.135582813  0.000160879
1421.138512500  0.000159567
1421.141442188  0.000160086
1421.144371875  0.000159252
1421.147301563  0.000159216
1421.150231250  0.000159164
1421.153160938  0.000159069
1421.156090625  0.000159427
1421.159020313  0.000158874
1421.161950000  0.000159173
1421.164879688  0.000159366
1421.167809375  0.000160147
1421.170739063  0.000159807
1421.173668750  0.000159973
1421.176598438  0.000160470
1421.179528125  0.000159701
1421.182457813  0.000159725
1421.185387500  0.000158928
1421.188317188  0.000159385
1421.191246875  0.000159295
1421.194176563  0.000159755
1421.197106250  0.000160139
1421.200035938  0.000160058
1421.202965625  0.000161458
1421.205895313  0.000160326
1421.208825000  0.000160758
1421.211754688  0.000160546
1421.214684375  0.000159882
1421.217614063  0.000159601
1421.220543750  0.000159687
1421.223473438  0.000159845
1421.226403125  0.000159771
1421.229332813  0.000159626
1421.232262500  0.000160005
1421.235192188  0.000160767
1421.238121875  0.000160705
1421.241051563  0.000159993
1421.243981250  0.000160646
1421.246910938  0.000160301
1421.249840625  0.000160493
1421.252770313  0.000160695

