3/28/2023 8:53:07 PM  Counts:405500
1419.755700000  0.000167112
1419.758629688  0.000168389
1419.761559375  0.000169440
1419.764489063  0.000170496
1419.767418750  0.000172185
1419.770348438  0.000173548
1419.773278125  0.000174051
1419.776207813  0.000175704
1419.779137500  0.000174673
1419.782067188  0.000174127
1419.784996875  0.000173542
1419.787926563  0.000174036
1419.790856250  0.000174678
1419.793785938  0.000174296
1419.796715625  0.000175365
1419.799645313  0.000176313
1419.802575000  0.000176274
1419.805504688  0.000175954
1419.808434375  0.000176138
1419.811364063  0.000176966
1419.814293750  0.000176251
1419.817223438  0.000175818
1419.820153125  0.000175479
1419.823082813  0.000176393
1419.826012500  0.000176356
1419.828942188  0.000177512
1419.831871875  0.000177484
1419.834801563  0.000177261
1419.837731250  0.000177887
1419.840660938  0.000176780
1419.843590625  0.000176772
1419.846520313  0.000176571
1419.849450000  0.000177343
1419.852379688  0.000176695
1419.855309375  0.000175952
1419.858239063  0.000177466
1419.861168750  0.000178289
1419.864098438  0.000178646
1419.867028125  0.000178371
1419.869957813  0.000177704
1419.872887500  0.000177962
1419.875817188  0.000178142
1419.878746875  0.000180489
1419.881676563  0.000178275
1419.884606250  0.000178281
1419.887535938  0.000177486
1419.890465625  0.000178453
1419.893395313  0.000177817
1419.896325000  0.000178911
1419.899254688  0.000177696
1419.902184375  0.000177538
1419.905114063  0.000177898
1419.908043750  0.000178086
1419.910973438  0.000177335
1419.913903125  0.000177109
1419.916832813  0.000177666
1419.919762500  0.000178567
1419.922692188  0.000178012
1419.925621875  0.000178270
1419.928551563  0.000177763
1419.931481250  0.000177905
1419.934410938  0.000177857
1419.937340625  0.000177555
1419.940270313  0.000177416
1419.943200000  0.000178978
1419.946129688  0.000178990
1419.949059375  0.000177420
1419.951989063  0.000179097
1419.954918750  0.000178244
1419.957848438  0.000178918
1419.960778125  0.000178020
1419.963707813  0.000178270
1419.966637500  0.000177712
1419.969567188  0.000178305
1419.972496875  0.000177339
1419.975426563  0.000178123
1419.978356250  0.000178732
1419.981285938  0.000178393
1419.984215625  0.000179202
1419.987145313  0.000178389
1419.990075000  0.000179293
1419.993004688  0.000178409
1419.995934375  0.000177889
1419.998864063  0.000177821
1420.001793750  0.000177022
1420.004723438  0.000177432
1420.007653125  0.000176606
1420.010582813  0.000177889
1420.013512500  0.000178669
1420.016442188  0.000178289
1420.019371875  0.000178074
1420.022301563  0.000177295
1420.025231250  0.000177669
1420.028160938  0.000176894
1420.031090625  0.000177746
1420.034020313  0.000177105
1420.036950000  0.000176742
1420.039879688  0.000176884
1420.042809375  0.000178290
1420.045739063  0.000178202
1420.048668750  0.000178121
1420.051598438  0.000178081
1420.054528125  0.000177803
1420.057457813  0.000176699
1420.060387500  0.000177453
1420.063317188  0.000177531
1420.066246875  0.000177082
1420.069176563  0.000177451
1420.072106250  0.000178935
1420.075035938  0.000178522
1420.077965625  0.000179452
1420.080895313  0.000178969
1420.083825000  0.000179928
1420.086754688  0.000180191
1420.089684375  0.000179904
1420.092614063  0.000180416
1420.095543750  0.000181001
1420.098473438  0.000180538
1420.101403125  0.000181427
1420.104332813  0.000182092
1420.107262500  0.000183748
1420.110192188  0.000185378
1420.113121875  0.000183709
1420.116051563  0.000183031
1420.118981250  0.000182909
1420.121910938  0.000183145
1420.124840625  0.000182131
1420.127770313  0.000181524
1420.130700000  0.000181633
1420.133629688  0.000182187
1420.136559375  0.000181818
1420.139489063  0.000181263
1420.142418750  0.000180694
1420.145348438  0.000180351
1420.148278125  0.000180314
1420.151207813  0.000178626
1420.154137500  0.000178237
1420.157067188  0.000177342
1420.159996875  0.000177252
1420.162926563  0.000176230
1420.165856250  0.000177585
1420.168785938  0.000176723
1420.171715625  0.000177377
1420.174645313  0.000176725
1420.177575000  0.000177656
1420.180504688  0.000176675
1420.183434375  0.000177012
1420.186364063  0.000175881
1420.189293750  0.000176231
1420.192223438  0.000176803
1420.195153125  0.000176974
1420.198082813  0.000178194
1420.201012500  0.000178480
1420.203942188  0.000178092
1420.206871875  0.000178501
1420.209801563  0.000179841
1420.212731250  0.000178687
1420.215660938  0.000178419
1420.218590625  0.000176813
1420.221520313  0.000176957
1420.224450000  0.000175615
1420.227379688  0.000176152
1420.230309375  0.000175272
1420.233239063  0.000174689
1420.236168750  0.000174163
1420.239098438  0.000174042
1420.242028125  0.000173596
1420.244957813  0.000173538
1420.247887500  0.000172461
1420.250817188  0.000171593
1420.253746875  0.000170563
1420.256676563  0.000170941
1420.259606250  0.000171751
1420.262535938  0.000171324
1420.265465625  0.000171022
1420.268395313  0.000169967
1420.271325000  0.000170475
1420.274254688  0.000171570
1420.277184375  0.000172788
1420.280114063  0.000170748
1420.283043750  0.000170661
1420.285973438  0.000170580
1420.288903125  0.000171016
1420.291832813  0.000169738
1420.294762500  0.000170416
1420.297692188  0.000170073
1420.300621875  0.000169163
1420.303551563  0.000170128
1420.306481250  0.000169884
1420.309410938  0.000169898
1420.312340625  0.000169794
1420.315270313  0.000168965
1420.318200000  0.000169771
1420.321129688  0.000169957
1420.324059375  0.000170167
1420.326989063  0.000169977
1420.329918750  0.000169852
1420.332848438  0.000169850
1420.335778125  0.000169494
1420.338707813  0.000169711
1420.341637500  0.000171882
1420.344567188  0.000169018
1420.347496875  0.000170403
1420.350426563  0.000169085
1420.353356250  0.000169835
1420.356285938  0.000169842
1420.359215625  0.000169675
1420.362145313  0.000169964
1420.365075000  0.000170443
1420.368004688  0.000170048
1420.370934375  0.000169844
1420.373864063  0.000169295
1420.376793750  0.000169248
1420.379723438  0.000169555
1420.382653125  0.000169584
1420.385582813  0.000169891
1420.388512500  0.000169348
1420.391442188  0.000168525
1420.394371875  0.000169495
1420.397301563  0.000169278
1420.400231250  0.000169518
1420.403160938  0.000170010
1420.406090625  0.000169255
1420.409020313  0.000170522
1420.411950000  0.000169254
1420.414879688  0.000169756
1420.417809375  0.000169096
1420.420739063  0.000169230
1420.423668750  0.000168622
1420.426598438  0.000169233
1420.429528125  0.000169181
1420.432457813  0.000168903
1420.435387500  0.000168887
1420.438317188  0.000168994
1420.441246875  0.000171172
1420.444176563  0.000168633
1420.447106250  0.000168933
1420.450035938  0.000168400
1420.452965625  0.000168903
1420.455895313  0.000168719
1420.458825000  0.000170056
1420.461754688  0.000168998
1420.464684375  0.000169175
1420.467614063  0.000168384
1420.470543750  0.000169092
1420.473473438  0.000168856
1420.476403125  0.000169683
1420.479332813  0.000169037
1420.482262500  0.000168872
1420.485192188  0.000168863
1420.488121875  0.000168196
1420.491051563  0.000168486
1420.493981250  0.000168771
1420.496910938  0.000169372
1420.499840625  0.000168509
1420.502770313  0.000168607
1420.505700000  0.000168551
1420.508629688  0.000170462
1420.511559375  0.000167544
1420.514489063  0.000168024
1420.517418750  0.000168763
1420.520348438  0.000168409
1420.523278125  0.000168248
1420.526207813  0.000168593
1420.529137500  0.000168388
1420.532067188  0.000169227
1420.534996875  0.000168154
1420.537926563  0.000167913
1420.540856250  0.000169258
1420.543785938  0.000168306
1420.546715625  0.000169029
1420.549645313  0.000168024
1420.552575000  0.000167747
1420.555504688  0.000169015
1420.558434375  0.000167477
1420.561364063  0.000169072
1420.564293750  0.000168544
1420.567223438  0.000168230
1420.570153125  0.000167998
1420.573082813  0.000168640
1420.576012500  0.000168364
1420.578942188  0.000168949
1420.581871875  0.000167849
1420.584801563  0.000169686
1420.587731250  0.000168550
1420.590660938  0.000168693
1420.593590625  0.000168516
1420.596520313  0.000167305
1420.599450000  0.000168717
1420.602379688  0.000167533
1420.605309375  0.000168785
1420.608239063  0.000170461
1420.611168750  0.000169173
1420.614098438  0.000168675
1420.617028125  0.000168412
1420.619957813  0.000167773
1420.622887500  0.000168946
1420.625817188  0.000168354
1420.628746875  0.000167254
1420.631676563  0.000167863
1420.634606250  0.000167187
1420.637535938  0.000167521
1420.640465625  0.000167890
1420.643395313  0.000167712
1420.646325000  0.000168176
1420.649254688  0.000168255
1420.652184375  0.000168643
1420.655114063  0.000168009
1420.658043750  0.000166887
1420.660973438  0.000167248
1420.663903125  0.000167138
1420.666832813  0.000167865
1420.669762500  0.000168825
1420.672692188  0.000169518
1420.675621875  0.000169486
1420.678551563  0.000168669
1420.681481250  0.000166741
1420.684410938  0.000168035
1420.687340625  0.000166586
1420.690270313  0.000166811
1420.693200000  0.000165875
1420.696129688  0.000166278
1420.699059375  0.000166470
1420.701989063  0.000166348
1420.704918750  0.000168315
1420.707848438  0.000168661
1420.710778125  0.000167982
1420.713707813  0.000167479
1420.716637500  0.000166727
1420.719567188  0.000166647
1420.722496875  0.000166607
1420.725426563  0.000166224
1420.728356250  0.000166538
1420.731285938  0.000166656
1420.734215625  0.000166663
1420.737145313  0.000167092
1420.740075000  0.000167075
1420.743004688  0.000167002
1420.745934375  0.000166972
1420.748864063  0.000166214
1420.751793750  0.000166588
1420.754723438  0.000166156
1420.757653125  0.000166629
1420.760582813  0.000166022
1420.763512500  0.000166822
1420.766442188  0.000166944
1420.769371875  0.000167409
1420.772301563  0.000168731
1420.775231250  0.000167054
1420.778160938  0.000167130
1420.781090625  0.000166630
1420.784020313  0.000165115
1420.786950000  0.000165880
1420.789879688  0.000165985
1420.792809375  0.000165791
1420.795739063  0.000166548
1420.798668750  0.000167209
1420.801598438  0.000166606
1420.804528125  0.000166378
1420.807457813  0.000165571
1420.810387500  0.000166118
1420.813317188  0.000165624
1420.816246875  0.000165294
1420.819176563  0.000165188
1420.822106250  0.000165048
1420.825035938  0.000165287
1420.827965625  0.000165605
1420.830895313  0.000166373
1420.833825000  0.000166743
1420.836754688  0.000166939
1420.839684375  0.000168782
1420.842614063  0.000165512
1420.845543750  0.000165149
1420.848473438  0.000165030
1420.851403125  0.000164936
1420.854332813  0.000164834
1420.857262500  0.000165113
1420.860192188  0.000165838
1420.863121875  0.000164988
1420.866051563  0.000165669
1420.868981250  0.000164952
1420.871910938  0.000166087
1420.874840625  0.000165466
1420.877770313  0.000164661
1420.880700000  0.000165086
1420.883629688  0.000165099
1420.886559375  0.000165550
1420.889489063  0.000165686
1420.892418750  0.000165482
1420.895348438  0.000166222
1420.898278125  0.000166536
1420.901207813  0.000166549
1420.904137500  0.000165250
1420.907067188  0.000165663
1420.909996875  0.000165084
1420.912926563  0.000164071
1420.915856250  0.000165476
1420.918785938  0.000164969
1420.921715625  0.000165651
1420.924645313  0.000165236
1420.927575000  0.000164922
1420.930504688  0.000164887
1420.933434375  0.000165282
1420.936364063  0.000165146
1420.939293750  0.000167519
1420.942223438  0.000165344
1420.945153125  0.000165010
1420.948082813  0.000165227
1420.951012500  0.000164893
1420.953942188  0.000165516
1420.956871875  0.000164278
1420.959801563  0.000165161
1420.962731250  0.000165436
1420.965660938  0.000164970
1420.968590625  0.000164268
1420.971520313  0.000165430
1420.974450000  0.000163918
1420.977379688  0.000164569
1420.980309375  0.000165278
1420.983239063  0.000164586
1420.986168750  0.000164094
1420.989098438  0.000164685
1420.992028125  0.000164066
1420.994957813  0.000163985
1420.997887500  0.000164018
1421.000817188  0.000163918
1421.003746875  0.000164725
1421.006676563  0.000165061
1421.009606250  0.000164792
1421.012535938  0.000165019
1421.015465625  0.000165100
1421.018395313  0.000164473
1421.021325000  0.000164251
1421.024254688  0.000164350
1421.027184375  0.000163838
1421.030114063  0.000164226
1421.033043750  0.000163369
1421.035973438  0.000164786
1421.038903125  0.000166301
1421.041832813  0.000164678
1421.044762500  0.000164300
1421.047692188  0.000165005
1421.050621875  0.000164346
1421.053551563  0.000164537
1421.056481250  0.000164331
1421.059410938  0.000164587
1421.062340625  0.000163966
1421.065270313  0.000163387
1421.068200000  0.000164779
1421.071129688  0.000164337
1421.074059375  0.000164947
1421.076989063  0.000163833
1421.079918750  0.000164704
1421.082848438  0.000164463
1421.085778125  0.000164301
1421.088707813  0.000164371
1421.091637500  0.000163995
1421.094567188  0.000164614
1421.097496875  0.000164205
1421.100426563  0.000164600
1421.103356250  0.000165933
1421.106285938  0.000165860
1421.109215625  0.000164322
1421.112145313  0.000163795
1421.115075000  0.000163783
1421.118004688  0.000163728
1421.120934375  0.000163507
1421.123864063  0.000163184
1421.126793750  0.000163152
1421.129723438  0.000164446
1421.132653125  0.000163535
1421.135582813  0.000164741
1421.138512500  0.000164142
1421.141442188  0.000164388
1421.144371875  0.000163728
1421.147301563  0.000163298
1421.150231250  0.000163428
1421.153160938  0.000163360
1421.156090625  0.000163767
1421.159020313  0.000162923
1421.161950000  0.000163431
1421.164879688  0.000163174
1421.167809375  0.000164624
1421.170739063  0.000165056
1421.173668750  0.000164119
1421.176598438  0.000164411
1421.179528125  0.000163899
1421.182457813  0.000163775
1421.185387500  0.000162620
1421.188317188  0.000163637
1421.191246875  0.000163386
1421.194176563  0.000163610
1421.197106250  0.000164009
1421.200035938  0.000164499
1421.202965625  0.000166195
1421.205895313  0.000165193
1421.208825000  0.000164903
1421.211754688  0.000164929
1421.214684375  0.000164068
1421.217614063  0.000163586
1421.220543750  0.000163829
1421.223473438  0.000163600
1421.226403125  0.000163503
1421.229332813  0.000163518
1421.232262500  0.000163621
1421.235192188  0.000164874
1421.238121875  0.000164511
1421.241051563  0.000164796
1421.243981250  0.000164995
1421.246910938  0.000164972
1421.249840625  0.000165897
1421.252770313  0.000166184

