3/28/2023 8:16:12 PM  Counts:405500
1419.755700000  0.000184151
1419.758629688  0.000184875
1419.761559375  0.000186497
1419.764489063  0.000188766
1419.767418750  0.000188786
1419.770348438  0.000191204
1419.773278125  0.000190651
1419.776207813  0.000194985
1419.779137500  0.000192846
1419.782067188  0.000191660
1419.784996875  0.000191674
1419.787926563  0.000192326
1419.790856250  0.000189931
1419.793785938  0.000191138
1419.796715625  0.000192697
1419.799645313  0.000193246
1419.802575000  0.000193829
1419.805504688  0.000190732
1419.808434375  0.000194155
1419.811364063  0.000192502
1419.814293750  0.000191372
1419.817223438  0.000192801
1419.820153125  0.000189778
1419.823082813  0.000193283
1419.826012500  0.000191889
1419.828942188  0.000193096
1419.831871875  0.000193570
1419.834801563  0.000190562
1419.837731250  0.000191663
1419.840660938  0.000191897
1419.843590625  0.000192157
1419.846520313  0.000192057
1419.849450000  0.000192765
1419.852379688  0.000189574
1419.855309375  0.000191635
1419.858239063  0.000191285
1419.861168750  0.000191530
1419.864098438  0.000190853
1419.867028125  0.000189767
1419.869957813  0.000191503
1419.872887500  0.000189665
1419.875817188  0.000191736
1419.878746875  0.000189899
1419.881676563  0.000190953
1419.884606250  0.000191832
1419.887535938  0.000190129
1419.890465625  0.000192554
1419.893395313  0.000190546
1419.896325000  0.000188926
1419.899254688  0.000188453
1419.902184375  0.000189705
1419.905114063  0.000191323
1419.908043750  0.000190589
1419.910973438  0.000189411
1419.913903125  0.000189843
1419.916832813  0.000191391
1419.919762500  0.000190464
1419.922692188  0.000191729
1419.925621875  0.000191597
1419.928551563  0.000190531
1419.931481250  0.000192270
1419.934410938  0.000189923
1419.937340625  0.000190233
1419.940270313  0.000189904
1419.943200000  0.000189890
1419.946129688  0.000190643
1419.949059375  0.000189251
1419.951989063  0.000193643
1419.954918750  0.000189915
1419.957848438  0.000189500
1419.960778125  0.000191525
1419.963707813  0.000192286
1419.966637500  0.000189765
1419.969567188  0.000190692
1419.972496875  0.000188524
1419.975426563  0.000191242
1419.978356250  0.000190306
1419.981285938  0.000190191
1419.984215625  0.000189768
1419.987145313  0.000190102
1419.990075000  0.000191493
1419.993004688  0.000191194
1419.995934375  0.000189000
1419.998864063  0.000189108
1420.001793750  0.000188067
1420.004723438  0.000188378
1420.007653125  0.000188397
1420.010582813  0.000189839
1420.013512500  0.000190268
1420.016442188  0.000189951
1420.019371875  0.000189089
1420.022301563  0.000188730
1420.025231250  0.000187901
1420.028160938  0.000189405
1420.031090625  0.000190124
1420.034020313  0.000189472
1420.036950000  0.000188218
1420.039879688  0.000189479
1420.042809375  0.000189247
1420.045739063  0.000189668
1420.048668750  0.000188971
1420.051598438  0.000188362
1420.054528125  0.000190208
1420.057457813  0.000188476
1420.060387500  0.000188540
1420.063317188  0.000187986
1420.066246875  0.000187567
1420.069176563  0.000189079
1420.072106250  0.000190790
1420.075035938  0.000188725
1420.077965625  0.000188895
1420.080895313  0.000190603
1420.083825000  0.000190418
1420.086754688  0.000188128
1420.089684375  0.000187295
1420.092614063  0.000187548
1420.095543750  0.000189590
1420.098473438  0.000187853
1420.101403125  0.000189770
1420.104332813  0.000188606
1420.107262500  0.000191985
1420.110192188  0.000188377
1420.113121875  0.000189494
1420.116051563  0.000189070
1420.118981250  0.000188411
1420.121910938  0.000189392
1420.124840625  0.000189085
1420.127770313  0.000189886
1420.130700000  0.000188916
1420.133629688  0.000190951
1420.136559375  0.000189919
1420.139489063  0.000189132
1420.142418750  0.000191221
1420.145348438  0.000191813
1420.148278125  0.000191032
1420.151207813  0.000189779
1420.154137500  0.000190038
1420.157067188  0.000190522
1420.159996875  0.000194183
1420.162926563  0.000192173
1420.165856250  0.000193884
1420.168785938  0.000192969
1420.171715625  0.000193987
1420.174645313  0.000196438
1420.177575000  0.000196477
1420.180504688  0.000195357
1420.183434375  0.000197740
1420.186364063  0.000199140
1420.189293750  0.000199830
1420.192223438  0.000201476
1420.195153125  0.000201644
1420.198082813  0.000202490
1420.201012500  0.000204702
1420.203942188  0.000205405
1420.206871875  0.000206019
1420.209801563  0.000204824
1420.212731250  0.000206469
1420.215660938  0.000206634
1420.218590625  0.000206887
1420.221520313  0.000210261
1420.224450000  0.000209497
1420.227379688  0.000209780
1420.230309375  0.000208591
1420.233239063  0.000210228
1420.236168750  0.000210470
1420.239098438  0.000210644
1420.242028125  0.000209253
1420.244957813  0.000210681
1420.247887500  0.000210430
1420.250817188  0.000210346
1420.253746875  0.000209915
1420.256676563  0.000209183
1420.259606250  0.000209216
1420.262535938  0.000210490
1420.265465625  0.000211558
1420.268395313  0.000210016
1420.271325000  0.000209049
1420.274254688  0.000210526
1420.277184375  0.000210578
1420.280114063  0.000210662
1420.283043750  0.000209546
1420.285973438  0.000208960
1420.288903125  0.000208417
1420.291832813  0.000208161
1420.294762500  0.000208508
1420.297692188  0.000207307
1420.300621875  0.000206056
1420.303551563  0.000205336
1420.306481250  0.000206847
1420.309410938  0.000205861
1420.312340625  0.000205037
1420.315270313  0.000205516
1420.318200000  0.000203100
1420.321129688  0.000203417
1420.324059375  0.000202902
1420.326989063  0.000202769
1420.329918750  0.000202745
1420.332848438  0.000199481
1420.335778125  0.000199661
1420.338707813  0.000199241
1420.341637500  0.000200682
1420.344567188  0.000197755
1420.347496875  0.000198195
1420.350426563  0.000195839
1420.353356250  0.000196811
1420.356285938  0.000196934
1420.359215625  0.000195875
1420.362145313  0.000194409
1420.365075000  0.000193091
1420.368004688  0.000192714
1420.370934375  0.000193492
1420.373864063  0.000193444
1420.376793750  0.000193225
1420.379723438  0.000191764
1420.382653125  0.000191531
1420.385582813  0.000192325
1420.388512500  0.000192761
1420.391442188  0.000189718
1420.394371875  0.000188298
1420.397301563  0.000191085
1420.400231250  0.000190026
1420.403160938  0.000190707
1420.406090625  0.000190338
1420.409020313  0.000189595
1420.411950000  0.000188747
1420.414879688  0.000189233
1420.417809375  0.000190165
1420.420739063  0.000189555
1420.423668750  0.000186049
1420.426598438  0.000186941
1420.429528125  0.000187725
1420.432457813  0.000186128
1420.435387500  0.000189675
1420.438317188  0.000187870
1420.441246875  0.000187301
1420.444176563  0.000186933
1420.447106250  0.000187273
1420.450035938  0.000188113
1420.452965625  0.000187218
1420.455895313  0.000185806
1420.458825000  0.000188144
1420.461754688  0.000185973
1420.464684375  0.000187362
1420.467614063  0.000186066
1420.470543750  0.000187369
1420.473473438  0.000185811
1420.476403125  0.000186966
1420.479332813  0.000186312
1420.482262500  0.000185880
1420.485192188  0.000183689
1420.488121875  0.000184409
1420.491051563  0.000185539
1420.493981250  0.000185798
1420.496910938  0.000186864
1420.499840625  0.000184575
1420.502770313  0.000185440
1420.505700000  0.000186988
1420.508629688  0.000184736
1420.511559375  0.000185012
1420.514489063  0.000184089
1420.517418750  0.000184442
1420.520348438  0.000183760
1420.523278125  0.000185342
1420.526207813  0.000186081
1420.529137500  0.000184991
1420.532067188  0.000183392
1420.534996875  0.000183685
1420.537926563  0.000184573
1420.540856250  0.000186323
1420.543785938  0.000184366
1420.546715625  0.000183147
1420.549645313  0.000184705
1420.552575000  0.000183524
1420.555504688  0.000185705
1420.558434375  0.000184287
1420.561364063  0.000183087
1420.564293750  0.000185715
1420.567223438  0.000185879
1420.570153125  0.000184196
1420.573082813  0.000185147
1420.576012500  0.000181814
1420.578942188  0.000183110
1420.581871875  0.000184405
1420.584801563  0.000185256
1420.587731250  0.000185260
1420.590660938  0.000184170
1420.593590625  0.000182463
1420.596520313  0.000183149
1420.599450000  0.000183911
1420.602379688  0.000183077
1420.605309375  0.000184280
1420.608239063  0.000183223
1420.611168750  0.000185987
1420.614098438  0.000183885
1420.617028125  0.000184339
1420.619957813  0.000184075
1420.622887500  0.000183882
1420.625817188  0.000185196
1420.628746875  0.000183408
1420.631676563  0.000184639
1420.634606250  0.000183927
1420.637535938  0.000181748
1420.640465625  0.000182165
1420.643395313  0.000184094
1420.646325000  0.000185095
1420.649254688  0.000184496
1420.652184375  0.000182640
1420.655114063  0.000183606
1420.658043750  0.000184306
1420.660973438  0.000183119
1420.663903125  0.000182962
1420.666832813  0.000181438
1420.669762500  0.000182822
1420.672692188  0.000184315
1420.675621875  0.000184086
1420.678551563  0.000185627
1420.681481250  0.000180833
1420.684410938  0.000181142
1420.687340625  0.000182741
1420.690270313  0.000183639
1420.693200000  0.000181746
1420.696129688  0.000182100
1420.699059375  0.000180743
1420.701989063  0.000181651
1420.704918750  0.000184081
1420.707848438  0.000183382
1420.710778125  0.000181770
1420.713707813  0.000180988
1420.716637500  0.000182591
1420.719567188  0.000182858
1420.722496875  0.000182178
1420.725426563  0.000182385
1420.728356250  0.000181496
1420.731285938  0.000180423
1420.734215625  0.000181004
1420.737145313  0.000182186
1420.740075000  0.000182366
1420.743004688  0.000179433
1420.745934375  0.000181164
1420.748864063  0.000182484
1420.751793750  0.000182487
1420.754723438  0.000183264
1420.757653125  0.000181482
1420.760582813  0.000179398
1420.763512500  0.000182208
1420.766442188  0.000182890
1420.769371875  0.000183284
1420.772301563  0.000182355
1420.775231250  0.000179765
1420.778160938  0.000182245
1420.781090625  0.000182001
1420.784020313  0.000180172
1420.786950000  0.000180622
1420.789879688  0.000179820
1420.792809375  0.000179652
1420.795739063  0.000181978
1420.798668750  0.000183523
1420.801598438  0.000181121
1420.804528125  0.000179621
1420.807457813  0.000180396
1420.810387500  0.000182652
1420.813317188  0.000180536
1420.816246875  0.000180752
1420.819176563  0.000179497
1420.822106250  0.000179595
1420.825035938  0.000180773
1420.827965625  0.000180756
1420.830895313  0.000180725
1420.833825000  0.000180192
1420.836754688  0.000180783
1420.839684375  0.000182139
1420.842614063  0.000181022
1420.845543750  0.000181223
1420.848473438  0.000180316
1420.851403125  0.000178238
1420.854332813  0.000179172
1420.857262500  0.000179778
1420.860192188  0.000181915
1420.863121875  0.000179333
1420.866051563  0.000179718
1420.868981250  0.000179918
1420.871910938  0.000180664
1420.874840625  0.000180710
1420.877770313  0.000178891
1420.880700000  0.000180455
1420.883629688  0.000179298
1420.886559375  0.000181550
1420.889489063  0.000182467
1420.892418750  0.000180917
1420.895348438  0.000179992
1420.898278125  0.000180433
1420.901207813  0.000182418
1420.904137500  0.000180262
1420.907067188  0.000179583
1420.909996875  0.000180919
1420.912926563  0.000179271
1420.915856250  0.000181441
1420.918785938  0.000181371
1420.921715625  0.000181272
1420.924645313  0.000179870
1420.927575000  0.000180970
1420.930504688  0.000181034
1420.933434375  0.000181481
1420.936364063  0.000181100
1420.939293750  0.000181020
1420.942223438  0.000179856
1420.945153125  0.000178443
1420.948082813  0.000182255
1420.951012500  0.000181803
1420.953942188  0.000181487
1420.956871875  0.000177955
1420.959801563  0.000179911
1420.962731250  0.000180738
1420.965660938  0.000180638
1420.968590625  0.000180041
1420.971520313  0.000179689
1420.974450000  0.000179164
1420.977379688  0.000179619
1420.980309375  0.000182164
1420.983239063  0.000179904
1420.986168750  0.000178281
1420.989098438  0.000179825
1420.992028125  0.000180791
1420.994957813  0.000179963
1420.997887500  0.000179410
1421.000817188  0.000178975
1421.003746875  0.000179077
1421.006676563  0.000180704
1421.009606250  0.000180633
1421.012535938  0.000180569
1421.015465625  0.000179910
1421.018395313  0.000177694
1421.021325000  0.000179162
1421.024254688  0.000180284
1421.027184375  0.000178525
1421.030114063  0.000180141
1421.033043750  0.000179917
1421.035973438  0.000181185
1421.038903125  0.000181373
1421.041832813  0.000181121
1421.044762500  0.000178455
1421.047692188  0.000180216
1421.050621875  0.000180014
1421.053551563  0.000181460
1421.056481250  0.000180616
1421.059410938  0.000180126
1421.062340625  0.000179014
1421.065270313  0.000179173
1421.068200000  0.000181625
1421.071129688  0.000181087
1421.074059375  0.000181601
1421.076989063  0.000178947
1421.079918750  0.000179609
1421.082848438  0.000180556
1421.085778125  0.000180540
1421.088707813  0.000179823
1421.091637500  0.000179490
1421.094567188  0.000180830
1421.097496875  0.000180158
1421.100426563  0.000180385
1421.103356250  0.000182338
1421.106285938  0.000179451
1421.109215625  0.000178409
1421.112145313  0.000180345
1421.115075000  0.000181619
1421.118004688  0.000179613
1421.120934375  0.000179453
1421.123864063  0.000179689
1421.126793750  0.000179200
1421.129723438  0.000181217
1421.132653125  0.000181327
1421.135582813  0.000181381
1421.138512500  0.000178667
1421.141442188  0.000178934
1421.144371875  0.000179082
1421.147301563  0.000179265
1421.150231250  0.000177766
1421.153160938  0.000178757
1421.156090625  0.000178835
1421.159020313  0.000178555
1421.161950000  0.000180827
1421.164879688  0.000179341
1421.167809375  0.000179780
1421.170739063  0.000178991
1421.173668750  0.000180133
1421.176598438  0.000181632
1421.179528125  0.000178986
1421.182457813  0.000179922
1421.185387500  0.000179572
1421.188317188  0.000179042
1421.191246875  0.000179596
1421.194176563  0.000180012
1421.197106250  0.000180983
1421.200035938  0.000179358
1421.202965625  0.000181634
1421.205895313  0.000181147
1421.208825000  0.000180876
1421.211754688  0.000180006
1421.214684375  0.000180616
1421.217614063  0.000178935
1421.220543750  0.000179095
1421.223473438  0.000181497
1421.226403125  0.000179831
1421.229332813  0.000179355
1421.232262500  0.000179664
1421.235192188  0.000181098
1421.238121875  0.000181113
1421.241051563  0.000179624
1421.243981250  0.000181431
1421.246910938  0.000181792
1421.249840625  0.000181458
1421.252770313  0.000183729

