3/28/2023 8:13:54 PM  Counts:405500
1419.755700000  0.000161780
1419.758629688  0.000162019
1419.761559375  0.000163150
1419.764489063  0.000165123
1419.767418750  0.000165554
1419.770348438  0.000166831
1419.773278125  0.000166751
1419.776207813  0.000169500
1419.779137500  0.000168058
1419.782067188  0.000167393
1419.784996875  0.000167266
1419.787926563  0.000167606
1419.790856250  0.000166322
1419.793785938  0.000167018
1419.796715625  0.000168165
1419.799645313  0.000168587
1419.802575000  0.000168730
1419.805504688  0.000166884
1419.808434375  0.000168528
1419.811364063  0.000168537
1419.814293750  0.000167335
1419.817223438  0.000168216
1419.820153125  0.000166269
1419.823082813  0.000168572
1419.826012500  0.000167626
1419.828942188  0.000168293
1419.831871875  0.000168554
1419.834801563  0.000166670
1419.837731250  0.000167491
1419.840660938  0.000167972
1419.843590625  0.000167969
1419.846520313  0.000167893
1419.849450000  0.000168554
1419.852379688  0.000166267
1419.855309375  0.000167471
1419.858239063  0.000167313
1419.861168750  0.000166728
1419.864098438  0.000167012
1419.867028125  0.000166139
1419.869957813  0.000167472
1419.872887500  0.000166714
1419.875817188  0.000168060
1419.878746875  0.000166675
1419.881676563  0.000166958
1419.884606250  0.000167273
1419.887535938  0.000166570
1419.890465625  0.000167947
1419.893395313  0.000166955
1419.896325000  0.000165589
1419.899254688  0.000165599
1419.902184375  0.000166278
1419.905114063  0.000167177
1419.908043750  0.000167012
1419.910973438  0.000165969
1419.913903125  0.000166162
1419.916832813  0.000167155
1419.919762500  0.000166400
1419.922692188  0.000167122
1419.925621875  0.000167329
1419.928551563  0.000166345
1419.931481250  0.000168073
1419.934410938  0.000166224
1419.937340625  0.000166394
1419.940270313  0.000166583
1419.943200000  0.000166373
1419.946129688  0.000166826
1419.949059375  0.000165969
1419.951989063  0.000168102
1419.954918750  0.000166304
1419.957848438  0.000165930
1419.960778125  0.000167160
1419.963707813  0.000168010
1419.966637500  0.000166073
1419.969567188  0.000166593
1419.972496875  0.000165555
1419.975426563  0.000167062
1419.978356250  0.000166754
1419.981285938  0.000166371
1419.984215625  0.000166449
1419.987145313  0.000166634
1419.990075000  0.000167093
1419.993004688  0.000167286
1419.995934375  0.000165713
1419.998864063  0.000165807
1420.001793750  0.000165204
1420.004723438  0.000165589
1420.007653125  0.000165308
1420.010582813  0.000165993
1420.013512500  0.000166390
1420.016442188  0.000166116
1420.019371875  0.000165597
1420.022301563  0.000165731
1420.025231250  0.000165241
1420.028160938  0.000165919
1420.031090625  0.000166686
1420.034020313  0.000165802
1420.036950000  0.000165387
1420.039879688  0.000165926
1420.042809375  0.000165673
1420.045739063  0.000166091
1420.048668750  0.000165636
1420.051598438  0.000165593
1420.054528125  0.000166835
1420.057457813  0.000165405
1420.060387500  0.000165549
1420.063317188  0.000165025
1420.066246875  0.000164710
1420.069176563  0.000165846
1420.072106250  0.000166864
1420.075035938  0.000165540
1420.077965625  0.000165707
1420.080895313  0.000166694
1420.083825000  0.000166530
1420.086754688  0.000165451
1420.089684375  0.000164464
1420.092614063  0.000164933
1420.095543750  0.000166220
1420.098473438  0.000164949
1420.101403125  0.000165950
1420.104332813  0.000165361
1420.107262500  0.000167498
1420.110192188  0.000165435
1420.113121875  0.000166262
1420.116051563  0.000165577
1420.118981250  0.000165231
1420.121910938  0.000165945
1420.124840625  0.000165666
1420.127770313  0.000165889
1420.130700000  0.000165670
1420.133629688  0.000166412
1420.136559375  0.000166070
1420.139489063  0.000165708
1420.142418750  0.000166856
1420.145348438  0.000167359
1420.148278125  0.000166853
1420.151207813  0.000165583
1420.154137500  0.000165828
1420.157067188  0.000166270
1420.159996875  0.000168609
1420.162926563  0.000167474
1420.165856250  0.000167964
1420.168785938  0.000167106
1420.171715625  0.000167669
1420.174645313  0.000169646
1420.177575000  0.000169240
1420.180504688  0.000168260
1420.183434375  0.000169788
1420.186364063  0.000170525
1420.189293750  0.000170846
1420.192223438  0.000172127
1420.195153125  0.000172120
1420.198082813  0.000172884
1420.201012500  0.000174623
1420.203942188  0.000175019
1420.206871875  0.000176050
1420.209801563  0.000175637
1420.212731250  0.000176820
1420.215660938  0.000177710
1420.218590625  0.000178155
1420.221520313  0.000180694
1420.224450000  0.000180636
1420.227379688  0.000181192
1420.230309375  0.000181161
1420.233239063  0.000182428
1420.236168750  0.000183002
1420.239098438  0.000183754
1420.242028125  0.000182967
1420.244957813  0.000184597
1420.247887500  0.000184934
1420.250817188  0.000185114
1420.253746875  0.000185196
1420.256676563  0.000185090
1420.259606250  0.000185379
1420.262535938  0.000186788
1420.265465625  0.000187386
1420.268395313  0.000186881
1420.271325000  0.000186102
1420.274254688  0.000187436
1420.277184375  0.000188024
1420.280114063  0.000187955
1420.283043750  0.000187738
1420.285973438  0.000187252
1420.288903125  0.000187064
1420.291832813  0.000187441
1420.294762500  0.000188001
1420.297692188  0.000186857
1420.300621875  0.000186206
1420.303551563  0.000185953
1420.306481250  0.000187284
1420.309410938  0.000186518
1420.312340625  0.000186205
1420.315270313  0.000186462
1420.318200000  0.000185445
1420.321129688  0.000185073
1420.324059375  0.000184757
1420.326989063  0.000184871
1420.329918750  0.000184606
1420.332848438  0.000183152
1420.335778125  0.000182939
1420.338707813  0.000183087
1420.341637500  0.000183318
1420.344567188  0.000182048
1420.347496875  0.000181858
1420.350426563  0.000180813
1420.353356250  0.000181120
1420.356285938  0.000181003
1420.359215625  0.000180449
1420.362145313  0.000179570
1420.365075000  0.000178711
1420.368004688  0.000178436
1420.370934375  0.000178778
1420.373864063  0.000178478
1420.376793750  0.000178452
1420.379723438  0.000177315
1420.382653125  0.000177337
1420.385582813  0.000177962
1420.388512500  0.000178094
1420.391442188  0.000175286
1420.394371875  0.000174556
1420.397301563  0.000175992
1420.400231250  0.000175415
1420.403160938  0.000175342
1420.406090625  0.000175065
1420.409020313  0.000174599
1420.411950000  0.000173904
1420.414879688  0.000173956
1420.417809375  0.000174002
1420.420739063  0.000173754
1420.423668750  0.000171744
1420.426598438  0.000171623
1420.429528125  0.000172290
1420.432457813  0.000170583
1420.435387500  0.000171936
1420.438317188  0.000171500
1420.441246875  0.000170512
1420.444176563  0.000170502
1420.447106250  0.000170355
1420.450035938  0.000170642
1420.452965625  0.000169814
1420.455895313  0.000168262
1420.458825000  0.000169718
1420.461754688  0.000168165
1420.464684375  0.000168504
1420.467614063  0.000167825
1420.470543750  0.000168375
1420.473473438  0.000167093
1420.476403125  0.000168404
1420.479332813  0.000167417
1420.482262500  0.000166851
1420.485192188  0.000165380
1420.488121875  0.000165637
1420.491051563  0.000166423
1420.493981250  0.000166272
1420.496910938  0.000166717
1420.499840625  0.000165343
1420.502770313  0.000165539
1420.505700000  0.000167077
1420.508629688  0.000165058
1420.511559375  0.000165040
1420.514489063  0.000164580
1420.517418750  0.000164207
1420.520348438  0.000164086
1420.523278125  0.000164786
1420.526207813  0.000165193
1420.529137500  0.000164304
1420.532067188  0.000163392
1420.534996875  0.000163623
1420.537926563  0.000164351
1420.540856250  0.000164573
1420.543785938  0.000163683
1420.546715625  0.000162710
1420.549645313  0.000163790
1420.552575000  0.000162744
1420.555504688  0.000164133
1420.558434375  0.000163244
1420.561364063  0.000162430
1420.564293750  0.000164340
1420.567223438  0.000164400
1420.570153125  0.000163113
1420.573082813  0.000163224
1420.576012500  0.000161463
1420.578942188  0.000161815
1420.581871875  0.000163344
1420.584801563  0.000163398
1420.587731250  0.000163057
1420.590660938  0.000162488
1420.593590625  0.000161385
1420.596520313  0.000162267
1420.599450000  0.000162898
1420.602379688  0.000161470
1420.605309375  0.000162750
1420.608239063  0.000161609
1420.611168750  0.000163504
1420.614098438  0.000162255
1420.617028125  0.000162060
1420.619957813  0.000161947
1420.622887500  0.000161873
1420.625817188  0.000162872
1420.628746875  0.000162394
1420.631676563  0.000162669
1420.634606250  0.000161999
1420.637535938  0.000160645
1420.640465625  0.000160755
1420.643395313  0.000162272
1420.646325000  0.000162431
1420.649254688  0.000161859
1420.652184375  0.000161166
1420.655114063  0.000161567
1420.658043750  0.000162690
1420.660973438  0.000161397
1420.663903125  0.000161210
1420.666832813  0.000160575
1420.669762500  0.000161066
1420.672692188  0.000162461
1420.675621875  0.000161941
1420.678551563  0.000162498
1420.681481250  0.000159708
1420.684410938  0.000160178
1420.687340625  0.000161395
1420.690270313  0.000161593
1420.693200000  0.000160008
1420.696129688  0.000160628
1420.699059375  0.000159518
1420.701989063  0.000160341
1420.704918750  0.000161667
1420.707848438  0.000160655
1420.710778125  0.000159850
1420.713707813  0.000159546
1420.716637500  0.000160651
1420.719567188  0.000161104
1420.722496875  0.000160333
1420.725426563  0.000160580
1420.728356250  0.000159585
1420.731285938  0.000159318
1420.734215625  0.000159744
1420.737145313  0.000160170
1420.740075000  0.000160453
1420.743004688  0.000158663
1420.745934375  0.000159893
1420.748864063  0.000161006
1420.751793750  0.000160373
1420.754723438  0.000161024
1420.757653125  0.000160169
1420.760582813  0.000158465
1420.763512500  0.000160531
1420.766442188  0.000160452
1420.769371875  0.000160755
1420.772301563  0.000160518
1420.775231250  0.000158984
1420.778160938  0.000160435
1420.781090625  0.000160285
1420.784020313  0.000158952
1420.786950000  0.000159361
1420.789879688  0.000158974
1420.792809375  0.000158486
1420.795739063  0.000160194
1420.798668750  0.000160899
1420.801598438  0.000159547
1420.804528125  0.000158872
1420.807457813  0.000159136
1420.810387500  0.000160922
1420.813317188  0.000159426
1420.816246875  0.000159692
1420.819176563  0.000158645
1420.822106250  0.000158416
1420.825035938  0.000159351
1420.827965625  0.000159468
1420.830895313  0.000159361
1420.833825000  0.000159133
1420.836754688  0.000159299
1420.839684375  0.000160491
1420.842614063  0.000159551
1420.845543750  0.000159088
1420.848473438  0.000158796
1420.851403125  0.000158026
1420.854332813  0.000158193
1420.857262500  0.000158849
1420.860192188  0.000159693
1420.863121875  0.000158288
1420.866051563  0.000158712
1420.868981250  0.000159072
1420.871910938  0.000159144
1420.874840625  0.000159188
1420.877770313  0.000158019
1420.880700000  0.000158783
1420.883629688  0.000158650
1420.886559375  0.000159771
1420.889489063  0.000159983
1420.892418750  0.000159081
1420.895348438  0.000158724
1420.898278125  0.000159270
1420.901207813  0.000160603
1420.904137500  0.000159122
1420.907067188  0.000158370
1420.909996875  0.000159175
1420.912926563  0.000158258
1420.915856250  0.000159413
1420.918785938  0.000159704
1420.921715625  0.000159391
1420.924645313  0.000158538
1420.927575000  0.000159604
1420.930504688  0.000159789
1420.933434375  0.000160013
1420.936364063  0.000159659
1420.939293750  0.000159273
1420.942223438  0.000158618
1420.945153125  0.000157824
1420.948082813  0.000159458
1420.951012500  0.000159521
1420.953942188  0.000159382
1420.956871875  0.000157290
1420.959801563  0.000158734
1420.962731250  0.000159408
1420.965660938  0.000159154
1420.968590625  0.000158719
1420.971520313  0.000158707
1420.974450000  0.000158218
1420.977379688  0.000158398
1420.980309375  0.000159927
1420.983239063  0.000158492
1420.986168750  0.000157504
1420.989098438  0.000158844
1420.992028125  0.000159137
1420.994957813  0.000158741
1420.997887500  0.000158299
1421.000817188  0.000157760
1421.003746875  0.000158476
1421.006676563  0.000159042
1421.009606250  0.000158899
1421.012535938  0.000158835
1421.015465625  0.000158365
1421.018395313  0.000157220
1421.021325000  0.000158464
1421.024254688  0.000158813
1421.027184375  0.000157517
1421.030114063  0.000158513
1421.033043750  0.000158716
1421.035973438  0.000159568
1421.038903125  0.000159159
1421.041832813  0.000159020
1421.044762500  0.000157270
1421.047692188  0.000158745
1421.050621875  0.000158569
1421.053551563  0.000159619
1421.056481250  0.000158849
1421.059410938  0.000158522
1421.062340625  0.000157895
1421.065270313  0.000158312
1421.068200000  0.000159361
1421.071129688  0.000159352
1421.074059375  0.000159171
1421.076989063  0.000158138
1421.079918750  0.000158451
1421.082848438  0.000158925
1421.085778125  0.000158779
1421.088707813  0.000158663
1421.091637500  0.000158093
1421.094567188  0.000159027
1421.097496875  0.000158490
1421.100426563  0.000158774
1421.103356250  0.000160131
1421.106285938  0.000158036
1421.109215625  0.000157699
1421.112145313  0.000158657
1421.115075000  0.000159689
1421.118004688  0.000158293
1421.120934375  0.000158404
1421.123864063  0.000158209
1421.126793750  0.000158228
1421.129723438  0.000159428
1421.132653125  0.000159399
1421.135582813  0.000158915
1421.138512500  0.000157828
1421.141442188  0.000158095
1421.144371875  0.000157928
1421.147301563  0.000158182
1421.150231250  0.000157261
1421.153160938  0.000157688
1421.156090625  0.000158140
1421.159020313  0.000157537
1421.161950000  0.000159049
1421.164879688  0.000158107
1421.167809375  0.000158244
1421.170739063  0.000158105
1421.173668750  0.000158490
1421.176598438  0.000159535
1421.179528125  0.000157801
1421.182457813  0.000158023
1421.185387500  0.000158423
1421.188317188  0.000157730
1421.191246875  0.000158261
1421.194176563  0.000158404
1421.197106250  0.000158956
1421.200035938  0.000158123
1421.202965625  0.000160054
1421.205895313  0.000159118
1421.208825000  0.000159140
1421.211754688  0.000158279
1421.214684375  0.000158392
1421.217614063  0.000157759
1421.220543750  0.000157833
1421.223473438  0.000159628
1421.226403125  0.000158568
1421.229332813  0.000158484
1421.232262500  0.000158721
1421.235192188  0.000159290
1421.238121875  0.000159520
1421.241051563  0.000158312
1421.243981250  0.000159473
1421.246910938  0.000159976
1421.249840625  0.000160038
1421.252770313  0.000161238

