3/28/2023 8:25:26 PM  Counts:405500
1419.755700000  0.000180634
1419.758629688  0.000179408
1419.761559375  0.000179115
1419.764489063  0.000180707
1419.767418750  0.000179441
1419.770348438  0.000180362
1419.773278125  0.000179896
1419.776207813  0.000182219
1419.779137500  0.000181243
1419.782067188  0.000180189
1419.784996875  0.000179426
1419.787926563  0.000179733
1419.790856250  0.000178195
1419.793785938  0.000179540
1419.796715625  0.000180129
1419.799645313  0.000180478
1419.802575000  0.000180993
1419.805504688  0.000179333
1419.808434375  0.000181446
1419.811364063  0.000182207
1419.814293750  0.000179414
1419.817223438  0.000181151
1419.820153125  0.000178689
1419.823082813  0.000180456
1419.826012500  0.000180205
1419.828942188  0.000180219
1419.831871875  0.000180580
1419.834801563  0.000179388
1419.837731250  0.000180273
1419.840660938  0.000181712
1419.843590625  0.000181167
1419.846520313  0.000179844
1419.849450000  0.000181331
1419.852379688  0.000178576
1419.855309375  0.000180076
1419.858239063  0.000180199
1419.861168750  0.000179606
1419.864098438  0.000180020
1419.867028125  0.000179187
1419.869957813  0.000182002
1419.872887500  0.000180021
1419.875817188  0.000181313
1419.878746875  0.000180126
1419.881676563  0.000179458
1419.884606250  0.000179217
1419.887535938  0.000180143
1419.890465625  0.000180366
1419.893395313  0.000180092
1419.896325000  0.000179078
1419.899254688  0.000178669
1419.902184375  0.000180042
1419.905114063  0.000180183
1419.908043750  0.000180113
1419.910973438  0.000178978
1419.913903125  0.000179342
1419.916832813  0.000180786
1419.919762500  0.000179786
1419.922692188  0.000179868
1419.925621875  0.000181143
1419.928551563  0.000179693
1419.931481250  0.000183557
1419.934410938  0.000179371
1419.937340625  0.000180257
1419.940270313  0.000180006
1419.943200000  0.000179635
1419.946129688  0.000180836
1419.949059375  0.000179708
1419.951989063  0.000180701
1419.954918750  0.000180869
1419.957848438  0.000180608
1419.960778125  0.000182358
1419.963707813  0.000182799
1419.966637500  0.000180226
1419.969567188  0.000181589
1419.972496875  0.000180054
1419.975426563  0.000181424
1419.978356250  0.000181268
1419.981285938  0.000180947
1419.984215625  0.000181167
1419.987145313  0.000181663
1419.990075000  0.000181994
1419.993004688  0.000183422
1419.995934375  0.000180208
1419.998864063  0.000181045
1420.001793750  0.000181117
1420.004723438  0.000180656
1420.007653125  0.000180739
1420.010582813  0.000181802
1420.013512500  0.000182049
1420.016442188  0.000181953
1420.019371875  0.000181958
1420.022301563  0.000182466
1420.025231250  0.000181712
1420.028160938  0.000181757
1420.031090625  0.000183814
1420.034020313  0.000181729
1420.036950000  0.000182090
1420.039879688  0.000183064
1420.042809375  0.000182613
1420.045739063  0.000184054
1420.048668750  0.000183414
1420.051598438  0.000184665
1420.054528125  0.000185021
1420.057457813  0.000184004
1420.060387500  0.000184695
1420.063317188  0.000184326
1420.066246875  0.000184498
1420.069176563  0.000186553
1420.072106250  0.000186957
1420.075035938  0.000186985
1420.077965625  0.000187796
1420.080895313  0.000188973
1420.083825000  0.000189813
1420.086754688  0.000189551
1420.089684375  0.000188279
1420.092614063  0.000188922
1420.095543750  0.000190465
1420.098473438  0.000190455
1420.101403125  0.000192516
1420.104332813  0.000191849
1420.107262500  0.000195388
1420.110192188  0.000193643
1420.113121875  0.000195969
1420.116051563  0.000194780
1420.118981250  0.000195884
1420.121910938  0.000197134
1420.124840625  0.000198392
1420.127770313  0.000198012
1420.130700000  0.000199154
1420.133629688  0.000200524
1420.136559375  0.000201006
1420.139489063  0.000201666
1420.142418750  0.000203597
1420.145348438  0.000204960
1420.148278125  0.000204937
1420.151207813  0.000204130
1420.154137500  0.000205591
1420.157067188  0.000206552
1420.159996875  0.000208108
1420.162926563  0.000208156
1420.165856250  0.000208318
1420.168785938  0.000208307
1420.171715625  0.000208962
1420.174645313  0.000210507
1420.177575000  0.000209380
1420.180504688  0.000208162
1420.183434375  0.000209040
1420.186364063  0.000208621
1420.189293750  0.000208072
1420.192223438  0.000207850
1420.195153125  0.000207128
1420.198082813  0.000205826
1420.201012500  0.000206645
1420.203942188  0.000205662
1420.206871875  0.000205767
1420.209801563  0.000202332
1420.212731250  0.000202483
1420.215660938  0.000201832
1420.218590625  0.000199889
1420.221520313  0.000200991
1420.224450000  0.000199213
1420.227379688  0.000198316
1420.230309375  0.000197613
1420.233239063  0.000197569
1420.236168750  0.000196038
1420.239098438  0.000195341
1420.242028125  0.000193589
1420.244957813  0.000193072
1420.247887500  0.000191742
1420.250817188  0.000190627
1420.253746875  0.000190213
1420.256676563  0.000188461
1420.259606250  0.000188628
1420.262535938  0.000188517
1420.265465625  0.000188090
1420.268395313  0.000187793
1420.271325000  0.000185570
1420.274254688  0.000186988
1420.277184375  0.000187234
1420.280114063  0.000186013
1420.283043750  0.000184898
1420.285973438  0.000184489
1420.288903125  0.000183501
1420.291832813  0.000183534
1420.294762500  0.000184955
1420.297692188  0.000182212
1420.300621875  0.000182557
1420.303551563  0.000181381
1420.306481250  0.000184376
1420.309410938  0.000182371
1420.312340625  0.000181825
1420.315270313  0.000182985
1420.318200000  0.000181963
1420.321129688  0.000182292
1420.324059375  0.000182354
1420.326989063  0.000182296
1420.329918750  0.000182172
1420.332848438  0.000180726
1420.335778125  0.000181518
1420.338707813  0.000181749
1420.341637500  0.000181478
1420.344567188  0.000181091
1420.347496875  0.000181844
1420.350426563  0.000180348
1420.353356250  0.000181837
1420.356285938  0.000182335
1420.359215625  0.000181671
1420.362145313  0.000181550
1420.365075000  0.000180658
1420.368004688  0.000180240
1420.370934375  0.000181004
1420.373864063  0.000181195
1420.376793750  0.000180980
1420.379723438  0.000180241
1420.382653125  0.000182182
1420.385582813  0.000181505
1420.388512500  0.000181903
1420.391442188  0.000179208
1420.394371875  0.000178364
1420.397301563  0.000181650
1420.400231250  0.000181540
1420.403160938  0.000180866
1420.406090625  0.000181727
1420.409020313  0.000181551
1420.411950000  0.000180398
1420.414879688  0.000181624
1420.417809375  0.000181061
1420.420739063  0.000181138
1420.423668750  0.000178651
1420.426598438  0.000180130
1420.429528125  0.000181413
1420.432457813  0.000179082
1420.435387500  0.000182053
1420.438317188  0.000181961
1420.441246875  0.000180744
1420.444176563  0.000181740
1420.447106250  0.000180978
1420.450035938  0.000181899
1420.452965625  0.000180983
1420.455895313  0.000179501
1420.458825000  0.000182580
1420.461754688  0.000180523
1420.464684375  0.000180644
1420.467614063  0.000180888
1420.470543750  0.000181204
1420.473473438  0.000180310
1420.476403125  0.000182981
1420.479332813  0.000180611
1420.482262500  0.000180880
1420.485192188  0.000179162
1420.488121875  0.000180048
1420.491051563  0.000180914
1420.493981250  0.000180743
1420.496910938  0.000181872
1420.499840625  0.000180448
1420.502770313  0.000181325
1420.505700000  0.000183012
1420.508629688  0.000180542
1420.511559375  0.000180503
1420.514489063  0.000180624
1420.517418750  0.000180197
1420.520348438  0.000180357
1420.523278125  0.000180801
1420.526207813  0.000181140
1420.529137500  0.000180917
1420.532067188  0.000179815
1420.534996875  0.000180722
1420.537926563  0.000181197
1420.540856250  0.000181509
1420.543785938  0.000181426
1420.546715625  0.000179785
1420.549645313  0.000181818
1420.552575000  0.000179994
1420.555504688  0.000181454
1420.558434375  0.000180713
1420.561364063  0.000179754
1420.564293750  0.000182334
1420.567223438  0.000182991
1420.570153125  0.000180690
1420.573082813  0.000181758
1420.576012500  0.000179349
1420.578942188  0.000180291
1420.581871875  0.000182765
1420.584801563  0.000181122
1420.587731250  0.000181365
1420.590660938  0.000181110
1420.593590625  0.000179425
1420.596520313  0.000182540
1420.599450000  0.000180230
1420.602379688  0.000180116
1420.605309375  0.000181754
1420.608239063  0.000180491
1420.611168750  0.000182819
1420.614098438  0.000181093
1420.617028125  0.000180500
1420.619957813  0.000181967
1420.622887500  0.000180743
1420.625817188  0.000182249
1420.628746875  0.000181624
1420.631676563  0.000181748
1420.634606250  0.000181674
1420.637535938  0.000179635
1420.640465625  0.000179606
1420.643395313  0.000181722
1420.646325000  0.000181612
1420.649254688  0.000181807
1420.652184375  0.000180831
1420.655114063  0.000181038
1420.658043750  0.000183019
1420.660973438  0.000180411
1420.663903125  0.000180737
1420.666832813  0.000179993
1420.669762500  0.000180026
1420.672692188  0.000183278
1420.675621875  0.000181592
1420.678551563  0.000182107
1420.681481250  0.000179673
1420.684410938  0.000179947
1420.687340625  0.000181281
1420.690270313  0.000181397
1420.693200000  0.000178994
1420.696129688  0.000180318
1420.699059375  0.000179129
1420.701989063  0.000180328
1420.704918750  0.000182142
1420.707848438  0.000180170
1420.710778125  0.000180131
1420.713707813  0.000179788
1420.716637500  0.000180853
1420.719567188  0.000181613
1420.722496875  0.000179509
1420.725426563  0.000180061
1420.728356250  0.000179868
1420.731285938  0.000178205
1420.734215625  0.000179784
1420.737145313  0.000179713
1420.740075000  0.000180624
1420.743004688  0.000177909
1420.745934375  0.000180225
1420.748864063  0.000181582
1420.751793750  0.000180476
1420.754723438  0.000180257
1420.757653125  0.000179978
1420.760582813  0.000178162
1420.763512500  0.000180728
1420.766442188  0.000180622
1420.769371875  0.000180819
1420.772301563  0.000181019
1420.775231250  0.000178445
1420.778160938  0.000181692
1420.781090625  0.000179751
1420.784020313  0.000178612
1420.786950000  0.000179403
1420.789879688  0.000178857
1420.792809375  0.000179010
1420.795739063  0.000180391
1420.798668750  0.000181085
1420.801598438  0.000179794
1420.804528125  0.000178814
1420.807457813  0.000180291
1420.810387500  0.000181508
1420.813317188  0.000179206
1420.816246875  0.000179800
1420.819176563  0.000178205
1420.822106250  0.000178260
1420.825035938  0.000179337
1420.827965625  0.000178935
1420.830895313  0.000179228
1420.833825000  0.000179957
1420.836754688  0.000180216
1420.839684375  0.000181939
1420.842614063  0.000179133
1420.845543750  0.000178910
1420.848473438  0.000179315
1420.851403125  0.000178142
1420.854332813  0.000178661
1420.857262500  0.000179552
1420.860192188  0.000179246
1420.863121875  0.000178568
1420.866051563  0.000179852
1420.868981250  0.000180013
1420.871910938  0.000179513
1420.874840625  0.000179063
1420.877770313  0.000178353
1420.880700000  0.000178789
1420.883629688  0.000178808
1420.886559375  0.000180841
1420.889489063  0.000180578
1420.892418750  0.000179756
1420.895348438  0.000178818
1420.898278125  0.000180199
1420.901207813  0.000181611
1420.904137500  0.000179317
1420.907067188  0.000178042
1420.909996875  0.000179573
1420.912926563  0.000178989
1420.915856250  0.000180495
1420.918785938  0.000179790
1420.921715625  0.000179557
1420.924645313  0.000178834
1420.927575000  0.000181044
1420.930504688  0.000181123
1420.933434375  0.000181677
1420.936364063  0.000179834
1420.939293750  0.000180127
1420.942223438  0.000179245
1420.945153125  0.000177861
1420.948082813  0.000180667
1420.951012500  0.000180458
1420.953942188  0.000180107
1420.956871875  0.000178117
1420.959801563  0.000180548
1420.962731250  0.000179770
1420.965660938  0.000179457
1420.968590625  0.000179132
1420.971520313  0.000178976
1420.974450000  0.000178368
1420.977379688  0.000179480
1420.980309375  0.000180736
1420.983239063  0.000178980
1420.986168750  0.000177992
1420.989098438  0.000179355
1420.992028125  0.000180154
1420.994957813  0.000179610
1420.997887500  0.000178415
1421.000817188  0.000178974
1421.003746875  0.000179177
1421.006676563  0.000180073
1421.009606250  0.000179110
1421.012535938  0.000179526
1421.015465625  0.000178885
1421.018395313  0.000177577
1421.021325000  0.000179609
1421.024254688  0.000179069
1421.027184375  0.000177829
1421.030114063  0.000179310
1421.033043750  0.000179878
1421.035973438  0.000180662
1421.038903125  0.000180155
1421.041832813  0.000180055
1421.044762500  0.000177604
1421.047692188  0.000180178
1421.050621875  0.000179669
1421.053551563  0.000180622
1421.056481250  0.000179378
1421.059410938  0.000179093
1421.062340625  0.000178626
1421.065270313  0.000178790
1421.068200000  0.000180109
1421.071129688  0.000180743
1421.074059375  0.000179811
1421.076989063  0.000179202
1421.079918750  0.000180014
1421.082848438  0.000180643
1421.085778125  0.000180020
1421.088707813  0.000179112
1421.091637500  0.000178832
1421.094567188  0.000180225
1421.097496875  0.000179689
1421.100426563  0.000179919
1421.103356250  0.000181506
1421.106285938  0.000178552
1421.109215625  0.000178970
1421.112145313  0.000180150
1421.115075000  0.000181446
1421.118004688  0.000178433
1421.120934375  0.000178899
1421.123864063  0.000179747
1421.126793750  0.000179050
1421.129723438  0.000180526
1421.132653125  0.000180168
1421.135582813  0.000179975
1421.138512500  0.000178723
1421.141442188  0.000179400
1421.144371875  0.000179183
1421.147301563  0.000178761
1421.150231250  0.000177282
1421.153160938  0.000179092
1421.156090625  0.000178494
1421.159020313  0.000178468
1421.161950000  0.000180209
1421.164879688  0.000179034
1421.167809375  0.000179379
1421.170739063  0.000179789
1421.173668750  0.000179683
1421.176598438  0.000181232
1421.179528125  0.000178460
1421.182457813  0.000178622
1421.185387500  0.000179623
1421.188317188  0.000178410
1421.191246875  0.000179606
1421.194176563  0.000179192
1421.197106250  0.000180250
1421.200035938  0.000179255
1421.202965625  0.000182345
1421.205895313  0.000180578
1421.208825000  0.000180519
1421.211754688  0.000179272
1421.214684375  0.000180110
1421.217614063  0.000179305
1421.220543750  0.000178402
1421.223473438  0.000181024
1421.226403125  0.000179414
1421.229332813  0.000180015
1421.232262500  0.000180226
1421.235192188  0.000181269
1421.238121875  0.000180517
1421.241051563  0.000179261
1421.243981250  0.000180442
1421.246910938  0.000180931
1421.249840625  0.000180291
1421.252770313  0.000181199

