3/28/2023 8:50:48 PM  Counts:405500
1419.755700000  0.000161311
1419.758629688  0.000162106
1419.761559375  0.000162429
1419.764489063  0.000163702
1419.767418750  0.000164745
1419.770348438  0.000166367
1419.773278125  0.000166831
1419.776207813  0.000168157
1419.779137500  0.000166635
1419.782067188  0.000166578
1419.784996875  0.000166435
1419.787926563  0.000166790
1419.790856250  0.000166961
1419.793785938  0.000167033
1419.796715625  0.000167800
1419.799645313  0.000168751
1419.802575000  0.000168480
1419.805504688  0.000168112
1419.808434375  0.000168503
1419.811364063  0.000169274
1419.814293750  0.000168421
1419.817223438  0.000168219
1419.820153125  0.000168422
1419.823082813  0.000168617
1419.826012500  0.000168753
1419.828942188  0.000170217
1419.831871875  0.000169875
1419.834801563  0.000169461
1419.837731250  0.000170518
1419.840660938  0.000169745
1419.843590625  0.000169636
1419.846520313  0.000169259
1419.849450000  0.000170269
1419.852379688  0.000169989
1419.855309375  0.000169230
1419.858239063  0.000170379
1419.861168750  0.000171247
1419.864098438  0.000171377
1419.867028125  0.000170929
1419.869957813  0.000170918
1419.872887500  0.000171214
1419.875817188  0.000172497
1419.878746875  0.000171030
1419.881676563  0.000171632
1419.884606250  0.000171185
1419.887535938  0.000170765
1419.890465625  0.000171742
1419.893395313  0.000171542
1419.896325000  0.000171344
1419.899254688  0.000170719
1419.902184375  0.000170936
1419.905114063  0.000171194
1419.908043750  0.000171250
1419.910973438  0.000170310
1419.913903125  0.000170383
1419.916832813  0.000170827
1419.919762500  0.000171911
1419.922692188  0.000171297
1419.925621875  0.000171443
1419.928551563  0.000170474
1419.931481250  0.000171034
1419.934410938  0.000170491
1419.937340625  0.000170454
1419.940270313  0.000170505
1419.943200000  0.000172670
1419.946129688  0.000170950
1419.949059375  0.000170559
1419.951989063  0.000172678
1419.954918750  0.000170986
1419.957848438  0.000171498
1419.960778125  0.000171404
1419.963707813  0.000172109
1419.966637500  0.000170855
1419.969567188  0.000171302
1419.972496875  0.000170687
1419.975426563  0.000171450
1419.978356250  0.000171092
1419.981285938  0.000171622
1419.984215625  0.000172503
1419.987145313  0.000171525
1419.990075000  0.000172275
1419.993004688  0.000172086
1419.995934375  0.000170662
1419.998864063  0.000171279
1420.001793750  0.000170659
1420.004723438  0.000171176
1420.007653125  0.000170242
1420.010582813  0.000170942
1420.013512500  0.000172067
1420.016442188  0.000171760
1420.019371875  0.000171133
1420.022301563  0.000170353
1420.025231250  0.000171585
1420.028160938  0.000170678
1420.031090625  0.000171438
1420.034020313  0.000170072
1420.036950000  0.000170276
1420.039879688  0.000170124
1420.042809375  0.000171010
1420.045739063  0.000170826
1420.048668750  0.000170470
1420.051598438  0.000171174
1420.054528125  0.000170638
1420.057457813  0.000170120
1420.060387500  0.000170796
1420.063317188  0.000170866
1420.066246875  0.000170693
1420.069176563  0.000171044
1420.072106250  0.000172150
1420.075035938  0.000171837
1420.077965625  0.000172573
1420.080895313  0.000172477
1420.083825000  0.000174012
1420.086754688  0.000173611
1420.089684375  0.000173259
1420.092614063  0.000174667
1420.095543750  0.000174888
1420.098473438  0.000174441
1420.101403125  0.000175021
1420.104332813  0.000176059
1420.107262500  0.000178421
1420.110192188  0.000176965
1420.113121875  0.000177515
1420.116051563  0.000176915
1420.118981250  0.000177099
1420.121910938  0.000176715
1420.124840625  0.000176744
1420.127770313  0.000175520
1420.130700000  0.000175608
1420.133629688  0.000176029
1420.136559375  0.000176031
1420.139489063  0.000174805
1420.142418750  0.000174349
1420.145348438  0.000174507
1420.148278125  0.000173632
1420.151207813  0.000172166
1420.154137500  0.000171819
1420.157067188  0.000170870
1420.159996875  0.000170755
1420.162926563  0.000169747
1420.165856250  0.000170631
1420.168785938  0.000170184
1420.171715625  0.000170096
1420.174645313  0.000171016
1420.177575000  0.000169605
1420.180504688  0.000169823
1420.183434375  0.000170705
1420.186364063  0.000169935
1420.189293750  0.000170168
1420.192223438  0.000170906
1420.195153125  0.000170502
1420.198082813  0.000171334
1420.201012500  0.000172133
1420.203942188  0.000171925
1420.206871875  0.000172560
1420.209801563  0.000171691
1420.212731250  0.000172237
1420.215660938  0.000172223
1420.218590625  0.000169891
1420.221520313  0.000170130
1420.224450000  0.000168736
1420.227379688  0.000168854
1420.230309375  0.000168132
1420.233239063  0.000167157
1420.236168750  0.000167706
1420.239098438  0.000166903
1420.242028125  0.000166183
1420.244957813  0.000166339
1420.247887500  0.000166096
1420.250817188  0.000164677
1420.253746875  0.000163819
1420.256676563  0.000164673
1420.259606250  0.000163978
1420.262535938  0.000164535
1420.265465625  0.000163865
1420.268395313  0.000163282
1420.271325000  0.000163100
1420.274254688  0.000164786
1420.277184375  0.000163877
1420.280114063  0.000163839
1420.283043750  0.000163571
1420.285973438  0.000163536
1420.288903125  0.000164092
1420.291832813  0.000162723
1420.294762500  0.000162912
1420.297692188  0.000163072
1420.300621875  0.000162372
1420.303551563  0.000162692
1420.306481250  0.000163279
1420.309410938  0.000163275
1420.312340625  0.000162953
1420.315270313  0.000162351
1420.318200000  0.000162535
1420.321129688  0.000163129
1420.324059375  0.000163096
1420.326989063  0.000162922
1420.329918750  0.000162771
1420.332848438  0.000162639
1420.335778125  0.000162585
1420.338707813  0.000163043
1420.341637500  0.000163806
1420.344567188  0.000161824
1420.347496875  0.000163525
1420.350426563  0.000162128
1420.353356250  0.000162954
1420.356285938  0.000163455
1420.359215625  0.000162386
1420.362145313  0.000162470
1420.365075000  0.000162877
1420.368004688  0.000163385
1420.370934375  0.000162724
1420.373864063  0.000162527
1420.376793750  0.000162578
1420.379723438  0.000162801
1420.382653125  0.000162419
1420.385582813  0.000162931
1420.388512500  0.000162647
1420.391442188  0.000161571
1420.394371875  0.000162267
1420.397301563  0.000162598
1420.400231250  0.000162714
1420.403160938  0.000162796
1420.406090625  0.000162888
1420.409020313  0.000162726
1420.411950000  0.000162454
1420.414879688  0.000162732
1420.417809375  0.000162375
1420.420739063  0.000162638
1420.423668750  0.000161336
1420.426598438  0.000162100
1420.429528125  0.000162408
1420.432457813  0.000161855
1420.435387500  0.000162216
1420.438317188  0.000162612
1420.441246875  0.000162764
1420.444176563  0.000162046
1420.447106250  0.000162318
1420.450035938  0.000162067
1420.452965625  0.000162255
1420.455895313  0.000161751
1420.458825000  0.000162786
1420.461754688  0.000162325
1420.464684375  0.000161845
1420.467614063  0.000161599
1420.470543750  0.000162123
1420.473473438  0.000161978
1420.476403125  0.000163393
1420.479332813  0.000162498
1420.482262500  0.000161669
1420.485192188  0.000161571
1420.488121875  0.000161176
1420.491051563  0.000161825
1420.493981250  0.000161522
1420.496910938  0.000162250
1420.499840625  0.000161742
1420.502770313  0.000161278
1420.505700000  0.000163220
1420.508629688  0.000162345
1420.511559375  0.000161345
1420.514489063  0.000161181
1420.517418750  0.000162040
1420.520348438  0.000162198
1420.523278125  0.000161786
1420.526207813  0.000161935
1420.529137500  0.000161102
1420.532067188  0.000162123
1420.534996875  0.000161401
1420.537926563  0.000161840
1420.540856250  0.000162227
1420.543785938  0.000162023
1420.546715625  0.000161713
1420.549645313  0.000161364
1420.552575000  0.000161571
1420.555504688  0.000161995
1420.558434375  0.000161459
1420.561364063  0.000161736
1420.564293750  0.000161951
1420.567223438  0.000162091
1420.570153125  0.000161182
1420.573082813  0.000161909
1420.576012500  0.000160887
1420.578942188  0.000161928
1420.581871875  0.000161161
1420.584801563  0.000162535
1420.587731250  0.000161733
1420.590660938  0.000161558
1420.593590625  0.000161686
1420.596520313  0.000160939
1420.599450000  0.000162221
1420.602379688  0.000160705
1420.605309375  0.000162453
1420.608239063  0.000161425
1420.611168750  0.000162594
1420.614098438  0.000161862
1420.617028125  0.000161082
1420.619957813  0.000161255
1420.622887500  0.000161288
1420.625817188  0.000161442
1420.628746875  0.000160768
1420.631676563  0.000161199
1420.634606250  0.000161090
1420.637535938  0.000160757
1420.640465625  0.000161084
1420.643395313  0.000162140
1420.646325000  0.000161577
1420.649254688  0.000161545
1420.652184375  0.000162018
1420.655114063  0.000161144
1420.658043750  0.000160851
1420.660973438  0.000161009
1420.663903125  0.000160487
1420.666832813  0.000161350
1420.669762500  0.000161499
1420.672692188  0.000162541
1420.675621875  0.000161749
1420.678551563  0.000161568
1420.681481250  0.000160197
1420.684410938  0.000161489
1420.687340625  0.000160498
1420.690270313  0.000160649
1420.693200000  0.000159657
1420.696129688  0.000159982
1420.699059375  0.000159971
1420.701989063  0.000160204
1420.704918750  0.000161757
1420.707848438  0.000161237
1420.710778125  0.000161380
1420.713707813  0.000160252
1420.716637500  0.000160365
1420.719567188  0.000160532
1420.722496875  0.000160284
1420.725426563  0.000159477
1420.728356250  0.000159769
1420.731285938  0.000160266
1420.734215625  0.000160334
1420.737145313  0.000160522
1420.740075000  0.000160213
1420.743004688  0.000160137
1420.745934375  0.000160679
1420.748864063  0.000160248
1420.751793750  0.000160754
1420.754723438  0.000160321
1420.757653125  0.000160185
1420.760582813  0.000159319
1420.763512500  0.000160649
1420.766442188  0.000160512
1420.769371875  0.000160522
1420.772301563  0.000160916
1420.775231250  0.000160436
1420.778160938  0.000160496
1420.781090625  0.000160423
1420.784020313  0.000159486
1420.786950000  0.000159263
1420.789879688  0.000159636
1420.792809375  0.000159610
1420.795739063  0.000160115
1420.798668750  0.000160607
1420.801598438  0.000160182
1420.804528125  0.000159768
1420.807457813  0.000159595
1420.810387500  0.000160068
1420.813317188  0.000159685
1420.816246875  0.000159442
1420.819176563  0.000159112
1420.822106250  0.000158983
1420.825035938  0.000159312
1420.827965625  0.000159611
1420.830895313  0.000159869
1420.833825000  0.000159860
1420.836754688  0.000160947
1420.839684375  0.000160319
1420.842614063  0.000160109
1420.845543750  0.000158865
1420.848473438  0.000159215
1420.851403125  0.000158719
1420.854332813  0.000159040
1420.857262500  0.000159318
1420.860192188  0.000159451
1420.863121875  0.000158967
1420.866051563  0.000159048
1420.868981250  0.000158937
1420.871910938  0.000159286
1420.874840625  0.000159994
1420.877770313  0.000158444
1420.880700000  0.000159025
1420.883629688  0.000159304
1420.886559375  0.000159362
1420.889489063  0.000159428
1420.892418750  0.000158989
1420.895348438  0.000159549
1420.898278125  0.000160025
1420.901207813  0.000160767
1420.904137500  0.000159748
1420.907067188  0.000159296
1420.909996875  0.000159173
1420.912926563  0.000157964
1420.915856250  0.000159410
1420.918785938  0.000159087
1420.921715625  0.000159676
1420.924645313  0.000159223
1420.927575000  0.000159192
1420.930504688  0.000159029
1420.933434375  0.000159692
1420.936364063  0.000160033
1420.939293750  0.000159205
1420.942223438  0.000159307
1420.945153125  0.000158602
1420.948082813  0.000159922
1420.951012500  0.000159020
1420.953942188  0.000159152
1420.956871875  0.000158235
1420.959801563  0.000159285
1420.962731250  0.000159456
1420.965660938  0.000159062
1420.968590625  0.000158813
1420.971520313  0.000159196
1420.974450000  0.000158473
1420.977379688  0.000158311
1420.980309375  0.000159550
1420.983239063  0.000158758
1420.986168750  0.000158057
1420.989098438  0.000158635
1420.992028125  0.000158408
1420.994957813  0.000157973
1420.997887500  0.000158118
1421.000817188  0.000157909
1421.003746875  0.000159172
1421.006676563  0.000159134
1421.009606250  0.000158574
1421.012535938  0.000158726
1421.015465625  0.000159145
1421.018395313  0.000158300
1421.021325000  0.000158375
1421.024254688  0.000158702
1421.027184375  0.000158005
1421.030114063  0.000158640
1421.033043750  0.000158116
1421.035973438  0.000159694
1421.038903125  0.000159046
1421.041832813  0.000158789
1421.044762500  0.000158377
1421.047692188  0.000159218
1421.050621875  0.000158463
1421.053551563  0.000158888
1421.056481250  0.000158701
1421.059410938  0.000158565
1421.062340625  0.000157993
1421.065270313  0.000157962
1421.068200000  0.000159337
1421.071129688  0.000158936
1421.074059375  0.000159030
1421.076989063  0.000158387
1421.079918750  0.000158576
1421.082848438  0.000158690
1421.085778125  0.000158930
1421.088707813  0.000158678
1421.091637500  0.000158261
1421.094567188  0.000159027
1421.097496875  0.000158652
1421.100426563  0.000158605
1421.103356250  0.000159918
1421.106285938  0.000159426
1421.109215625  0.000158273
1421.112145313  0.000158677
1421.115075000  0.000158573
1421.118004688  0.000158354
1421.120934375  0.000157932
1421.123864063  0.000157765
1421.126793750  0.000157886
1421.129723438  0.000158686
1421.132653125  0.000158285
1421.135582813  0.000159456
1421.138512500  0.000158137
1421.141442188  0.000158214
1421.144371875  0.000158082
1421.147301563  0.000157871
1421.150231250  0.000157903
1421.153160938  0.000157960
1421.156090625  0.000158064
1421.159020313  0.000157709
1421.161950000  0.000157998
1421.164879688  0.000157856
1421.167809375  0.000158913
1421.170739063  0.000158965
1421.173668750  0.000158847
1421.176598438  0.000159107
1421.179528125  0.000158540
1421.182457813  0.000158155
1421.185387500  0.000157375
1421.188317188  0.000157971
1421.191246875  0.000157892
1421.194176563  0.000158119
1421.197106250  0.000158415
1421.200035938  0.000158563
1421.202965625  0.000160162
1421.205895313  0.000158842
1421.208825000  0.000158997
1421.211754688  0.000158694
1421.214684375  0.000158284
1421.217614063  0.000158232
1421.220543750  0.000158145
1421.223473438  0.000158400
1421.226403125  0.000158067
1421.229332813  0.000158211
1421.232262500  0.000158241
1421.235192188  0.000159639
1421.238121875  0.000159687
1421.241051563  0.000158748
1421.243981250  0.000159732
1421.246910938  0.000159586
1421.249840625  0.000160383
1421.252770313  0.000160811

