3/28/2023 8:06:58 PM  Counts:405500
1419.755700000  0.000139080
1419.758629688  0.000139256
1419.761559375  0.000139700
1419.764489063  0.000140305
1419.767418750  0.000140735
1419.770348438  0.000141290
1419.773278125  0.000141804
1419.776207813  0.000142848
1419.779137500  0.000141520
1419.782067188  0.000141776
1419.784996875  0.000141581
1419.787926563  0.000141672
1419.790856250  0.000141427
1419.793785938  0.000141562
1419.796715625  0.000141982
1419.799645313  0.000142227
1419.802575000  0.000142566
1419.805504688  0.000141530
1419.808434375  0.000141908
1419.811364063  0.000141452
1419.814293750  0.000141553
1419.817223438  0.000142098
1419.820153125  0.000141362
1419.823082813  0.000142100
1419.826012500  0.000141846
1419.828942188  0.000142053
1419.831871875  0.000141990
1419.834801563  0.000141498
1419.837731250  0.000141622
1419.840660938  0.000141691
1419.843590625  0.000141688
1419.846520313  0.000141718
1419.849450000  0.000142074
1419.852379688  0.000141208
1419.855309375  0.000141664
1419.858239063  0.000141709
1419.861168750  0.000141654
1419.864098438  0.000141353
1419.867028125  0.000141179
1419.869957813  0.000141370
1419.872887500  0.000140976
1419.875817188  0.000141490
1419.878746875  0.000141125
1419.881676563  0.000141340
1419.884606250  0.000141516
1419.887535938  0.000141182
1419.890465625  0.000141789
1419.893395313  0.000141308
1419.896325000  0.000140715
1419.899254688  0.000140438
1419.902184375  0.000140933
1419.905114063  0.000141584
1419.908043750  0.000141344
1419.910973438  0.000141056
1419.913903125  0.000140958
1419.916832813  0.000141183
1419.919762500  0.000141125
1419.922692188  0.000141233
1419.925621875  0.000141354
1419.928551563  0.000140943
1419.931481250  0.000141603
1419.934410938  0.000140742
1419.937340625  0.000141132
1419.940270313  0.000140886
1419.943200000  0.000140856
1419.946129688  0.000140756
1419.949059375  0.000140644
1419.951989063  0.000142002
1419.954918750  0.000140994
1419.957848438  0.000140817
1419.960778125  0.000141111
1419.963707813  0.000141082
1419.966637500  0.000140951
1419.969567188  0.000140779
1419.972496875  0.000140790
1419.975426563  0.000141068
1419.978356250  0.000140716
1419.981285938  0.000140722
1419.984215625  0.000140936
1419.987145313  0.000140846
1419.990075000  0.000141359
1419.993004688  0.000140972
1419.995934375  0.000140572
1419.998864063  0.000140996
1420.001793750  0.000140365
1420.004723438  0.000140161
1420.007653125  0.000140109
1420.010582813  0.000140239
1420.013512500  0.000140868
1420.016442188  0.000140674
1420.019371875  0.000140252
1420.022301563  0.000140101
1420.025231250  0.000140249
1420.028160938  0.000140554
1420.031090625  0.000140940
1420.034020313  0.000140649
1420.036950000  0.000140178
1420.039879688  0.000140256
1420.042809375  0.000140120
1420.045739063  0.000140458
1420.048668750  0.000140548
1420.051598438  0.000140295
1420.054528125  0.000140530
1420.057457813  0.000140472
1420.060387500  0.000140373
1420.063317188  0.000140024
1420.066246875  0.000140748
1420.069176563  0.000140467
1420.072106250  0.000140765
1420.075035938  0.000140374
1420.077965625  0.000140120
1420.080895313  0.000140530
1420.083825000  0.000140793
1420.086754688  0.000139968
1420.089684375  0.000139887
1420.092614063  0.000140084
1420.095543750  0.000140376
1420.098473438  0.000139846
1420.101403125  0.000140321
1420.104332813  0.000140172
1420.107262500  0.000141009
1420.110192188  0.000140122
1420.113121875  0.000140213
1420.116051563  0.000140015
1420.118981250  0.000140267
1420.121910938  0.000140483
1420.124840625  0.000140051
1420.127770313  0.000140395
1420.130700000  0.000140233
1420.133629688  0.000140391
1420.136559375  0.000140357
1420.139489063  0.000140035
1420.142418750  0.000140817
1420.145348438  0.000140533
1420.148278125  0.000140454
1420.151207813  0.000140200
1420.154137500  0.000140367
1420.157067188  0.000139859
1420.159996875  0.000140810
1420.162926563  0.000140262
1420.165856250  0.000140625
1420.168785938  0.000140112
1420.171715625  0.000140315
1420.174645313  0.000140707
1420.177575000  0.000140753
1420.180504688  0.000140704
1420.183434375  0.000141204
1420.186364063  0.000141208
1420.189293750  0.000140974
1420.192223438  0.000141253
1420.195153125  0.000141449
1420.198082813  0.000141619
1420.201012500  0.000141924
1420.203942188  0.000142214
1420.206871875  0.000142084
1420.209801563  0.000142317
1420.212731250  0.000142805
1420.215660938  0.000143536
1420.218590625  0.000143089
1420.221520313  0.000144406
1420.224450000  0.000144436
1420.227379688  0.000145036
1420.230309375  0.000145487
1420.233239063  0.000146193
1420.236168750  0.000147091
1420.239098438  0.000148132
1420.242028125  0.000148902
1420.244957813  0.000150184
1420.247887500  0.000151249
1420.250817188  0.000152597
1420.253746875  0.000152805
1420.256676563  0.000153763
1420.259606250  0.000154820
1420.262535938  0.000155958
1420.265465625  0.000156719
1420.268395313  0.000157689
1420.271325000  0.000158206
1420.274254688  0.000159765
1420.277184375  0.000160558
1420.280114063  0.000161359
1420.283043750  0.000161798
1420.285973438  0.000162086
1420.288903125  0.000162342
1420.291832813  0.000162728
1420.294762500  0.000163558
1420.297692188  0.000163855
1420.300621875  0.000164352
1420.303551563  0.000164298
1420.306481250  0.000164802
1420.309410938  0.000165195
1420.312340625  0.000164954
1420.315270313  0.000165017
1420.318200000  0.000165012
1420.321129688  0.000164535
1420.324059375  0.000164588
1420.326989063  0.000164183
1420.329918750  0.000164359
1420.332848438  0.000163812
1420.335778125  0.000163606
1420.338707813  0.000163385
1420.341637500  0.000163479
1420.344567188  0.000163150
1420.347496875  0.000163326
1420.350426563  0.000162753
1420.353356250  0.000163027
1420.356285938  0.000162900
1420.359215625  0.000163134
1420.362145313  0.000162613
1420.365075000  0.000162133
1420.368004688  0.000161723
1420.370934375  0.000161970
1420.373864063  0.000161677
1420.376793750  0.000161758
1420.379723438  0.000161263
1420.382653125  0.000161241
1420.385582813  0.000161247
1420.388512500  0.000161195
1420.391442188  0.000160479
1420.394371875  0.000160519
1420.397301563  0.000161015
1420.400231250  0.000160740
1420.403160938  0.000160674
1420.406090625  0.000161044
1420.409020313  0.000160937
1420.411950000  0.000161011
1420.414879688  0.000160984
1420.417809375  0.000161080
1420.420739063  0.000161030
1420.423668750  0.000160665
1420.426598438  0.000160579
1420.429528125  0.000161107
1420.432457813  0.000160781
1420.435387500  0.000160837
1420.438317188  0.000160736
1420.441246875  0.000160015
1420.444176563  0.000160004
1420.447106250  0.000159848
1420.450035938  0.000159714
1420.452965625  0.000159505
1420.455895313  0.000158627
1420.458825000  0.000158482
1420.461754688  0.000157811
1420.464684375  0.000157675
1420.467614063  0.000156854
1420.470543750  0.000156305
1420.473473438  0.000155947
1420.476403125  0.000155542
1420.479332813  0.000154946
1420.482262500  0.000154383
1420.485192188  0.000153605
1420.488121875  0.000153119
1420.491051563  0.000153042
1420.493981250  0.000152511
1420.496910938  0.000152601
1420.499840625  0.000151532
1420.502770313  0.000151218
1420.505700000  0.000151333
1420.508629688  0.000150667
1420.511559375  0.000150103
1420.514489063  0.000149545
1420.517418750  0.000149108
1420.520348438  0.000148481
1420.523278125  0.000148607
1420.526207813  0.000148427
1420.529137500  0.000147642
1420.532067188  0.000147151
1420.534996875  0.000146627
1420.537926563  0.000146620
1420.540856250  0.000146749
1420.543785938  0.000146437
1420.546715625  0.000145789
1420.549645313  0.000145596
1420.552575000  0.000145194
1420.555504688  0.000145381
1420.558434375  0.000144912
1420.561364063  0.000144789
1420.564293750  0.000145054
1420.567223438  0.000144574
1420.570153125  0.000144006
1420.573082813  0.000144222
1420.576012500  0.000143477
1420.578942188  0.000143368
1420.581871875  0.000143266
1420.584801563  0.000143180
1420.587731250  0.000142709
1420.590660938  0.000142512
1420.593590625  0.000142008
1420.596520313  0.000141732
1420.599450000  0.000141849
1420.602379688  0.000141199
1420.605309375  0.000141771
1420.608239063  0.000141266
1420.611168750  0.000141469
1420.614098438  0.000141144
1420.617028125  0.000140686
1420.619957813  0.000140698
1420.622887500  0.000140488
1420.625817188  0.000140744
1420.628746875  0.000140271
1420.631676563  0.000140577
1420.634606250  0.000140216
1420.637535938  0.000139729
1420.640465625  0.000139894
1420.643395313  0.000140319
1420.646325000  0.000140325
1420.649254688  0.000140134
1420.652184375  0.000140510
1420.655114063  0.000139949
1420.658043750  0.000139650
1420.660973438  0.000139700
1420.663903125  0.000139231
1420.666832813  0.000139308
1420.669762500  0.000138976
1420.672692188  0.000139194
1420.675621875  0.000139250
1420.678551563  0.000139261
1420.681481250  0.000138699
1420.684410938  0.000138336
1420.687340625  0.000138445
1420.690270313  0.000138679
1420.693200000  0.000138213
1420.696129688  0.000138331
1420.699059375  0.000138017
1420.701989063  0.000138053
1420.704918750  0.000138322
1420.707848438  0.000138357
1420.710778125  0.000138046
1420.713707813  0.000137701
1420.716637500  0.000137901
1420.719567188  0.000137955
1420.722496875  0.000138094
1420.725426563  0.000138031
1420.728356250  0.000137584
1420.731285938  0.000137384
1420.734215625  0.000137475
1420.737145313  0.000137932
1420.740075000  0.000137688
1420.743004688  0.000137019
1420.745934375  0.000137413
1420.748864063  0.000137776
1420.751793750  0.000137583
1420.754723438  0.000137860
1420.757653125  0.000137422
1420.760582813  0.000137163
1420.763512500  0.000137521
1420.766442188  0.000137480
1420.769371875  0.000137739
1420.772301563  0.000137511
1420.775231250  0.000136891
1420.778160938  0.000137348
1420.781090625  0.000137461
1420.784020313  0.000136971
1420.786950000  0.000137184
1420.789879688  0.000137111
1420.792809375  0.000136746
1420.795739063  0.000137169
1420.798668750  0.000137406
1420.801598438  0.000137295
1420.804528125  0.000137025
1420.807457813  0.000136744
1420.810387500  0.000137275
1420.813317188  0.000137104
1420.816246875  0.000137190
1420.819176563  0.000136967
1420.822106250  0.000136732
1420.825035938  0.000136988
1420.827965625  0.000136888
1420.830895313  0.000137328
1420.833825000  0.000136965
1420.836754688  0.000136686
1420.839684375  0.000137055
1420.842614063  0.000136978
1420.845543750  0.000136955
1420.848473438  0.000136933
1420.851403125  0.000136568
1420.854332813  0.000136571
1420.857262500  0.000136689
1420.860192188  0.000136735
1420.863121875  0.000136840
1420.866051563  0.000136945
1420.868981250  0.000136925
1420.871910938  0.000136784
1420.874840625  0.000136726
1420.877770313  0.000136452
1420.880700000  0.000136593
1420.883629688  0.000136632
1420.886559375  0.000136878
1420.889489063  0.000137090
1420.892418750  0.000136800
1420.895348438  0.000136735
1420.898278125  0.000136913
1420.901207813  0.000137307
1420.904137500  0.000136777
1420.907067188  0.000136812
1420.909996875  0.000136808
1420.912926563  0.000136616
1420.915856250  0.000136970
1420.918785938  0.000136645
1420.921715625  0.000136898
1420.924645313  0.000136492
1420.927575000  0.000137040
1420.930504688  0.000136465
1420.933434375  0.000137047
1420.936364063  0.000136880
1420.939293750  0.000136771
1420.942223438  0.000136782
1420.945153125  0.000137053
1420.948082813  0.000137726
1420.951012500  0.000136810
1420.953942188  0.000136955
1420.956871875  0.000135991
1420.959801563  0.000136790
1420.962731250  0.000136925
1420.965660938  0.000136712
1420.968590625  0.000136560
1420.971520313  0.000136976
1420.974450000  0.000136547
1420.977379688  0.000136902
1420.980309375  0.000137255
1420.983239063  0.000136808
1420.986168750  0.000136156
1420.989098438  0.000136668
1420.992028125  0.000136786
1420.994957813  0.000136800
1420.997887500  0.000136426
1421.000817188  0.000136490
1421.003746875  0.000136852
1421.006676563  0.000136795
1421.009606250  0.000136974
1421.012535938  0.000137165
1421.015465625  0.000136919
1421.018395313  0.000136410
1421.021325000  0.000136596
1421.024254688  0.000136601
1421.027184375  0.000136526
1421.030114063  0.000136686
1421.033043750  0.000136786
1421.035973438  0.000137196
1421.038903125  0.000136827
1421.041832813  0.000137051
1421.044762500  0.000136905
1421.047692188  0.000137224
1421.050621875  0.000136801
1421.053551563  0.000136828
1421.056481250  0.000136996
1421.059410938  0.000137075
1421.062340625  0.000136575
1421.065270313  0.000136625
1421.068200000  0.000137114
1421.071129688  0.000137154
1421.074059375  0.000137082
1421.076989063  0.000136735
1421.079918750  0.000137049
1421.082848438  0.000137062
1421.085778125  0.000136963
1421.088707813  0.000136929
1421.091637500  0.000136883
1421.094567188  0.000136971
1421.097496875  0.000136569
1421.100426563  0.000136846
1421.103356250  0.000137097
1421.106285938  0.000136885
1421.109215625  0.000136639
1421.112145313  0.000137042
1421.115075000  0.000137351
1421.118004688  0.000136834
1421.120934375  0.000137179
1421.123864063  0.000136988
1421.126793750  0.000136903
1421.129723438  0.000137211
1421.132653125  0.000137201
1421.135582813  0.000137263
1421.138512500  0.000136740
1421.141442188  0.000136961
1421.144371875  0.000136789
1421.147301563  0.000137053
1421.150231250  0.000136722
1421.153160938  0.000136996
1421.156090625  0.000137232
1421.159020313  0.000136914
1421.161950000  0.000137573
1421.164879688  0.000137018
1421.167809375  0.000136972
1421.170739063  0.000136851
1421.173668750  0.000136945
1421.176598438  0.000137714
1421.179528125  0.000137074
1421.182457813  0.000137475
1421.185387500  0.000137441
1421.188317188  0.000137254
1421.191246875  0.000137484
1421.194176563  0.000137427
1421.197106250  0.000137372
1421.200035938  0.000137317
1421.202965625  0.000137794
1421.205895313  0.000137442
1421.208825000  0.000137457
1421.211754688  0.000137419
1421.214684375  0.000137391
1421.217614063  0.000137027
1421.220543750  0.000137495
1421.223473438  0.000137682
1421.226403125  0.000137541
1421.229332813  0.000137411
1421.232262500  0.000137407
1421.235192188  0.000137685
1421.238121875  0.000138469
1421.241051563  0.000137781
1421.243981250  0.000138100
1421.246910938  0.000137904
1421.249840625  0.000138385
1421.252770313  0.000138898

