3/28/2023 8:11:35 PM  Counts:405500
1419.755700000  0.000155225
1419.758629688  0.000155737
1419.761559375  0.000156095
1419.764489063  0.000157678
1419.767418750  0.000157946
1419.770348438  0.000158865
1419.773278125  0.000158885
1419.776207813  0.000160713
1419.779137500  0.000159860
1419.782067188  0.000159191
1419.784996875  0.000159344
1419.787926563  0.000159504
1419.790856250  0.000158109
1419.793785938  0.000159337
1419.796715625  0.000160274
1419.799645313  0.000160995
1419.802575000  0.000160628
1419.805504688  0.000158784
1419.808434375  0.000159986
1419.811364063  0.000160063
1419.814293750  0.000159157
1419.817223438  0.000160009
1419.820153125  0.000158635
1419.823082813  0.000159913
1419.826012500  0.000159365
1419.828942188  0.000159813
1419.831871875  0.000160274
1419.834801563  0.000158816
1419.837731250  0.000159451
1419.840660938  0.000160004
1419.843590625  0.000159546
1419.846520313  0.000159580
1419.849450000  0.000160184
1419.852379688  0.000158342
1419.855309375  0.000159010
1419.858239063  0.000159359
1419.861168750  0.000158738
1419.864098438  0.000159081
1419.867028125  0.000158282
1419.869957813  0.000159580
1419.872887500  0.000158878
1419.875817188  0.000159439
1419.878746875  0.000158800
1419.881676563  0.000158833
1419.884606250  0.000159339
1419.887535938  0.000158791
1419.890465625  0.000159341
1419.893395313  0.000158815
1419.896325000  0.000158230
1419.899254688  0.000157819
1419.902184375  0.000158749
1419.905114063  0.000158906
1419.908043750  0.000158690
1419.910973438  0.000158354
1419.913903125  0.000158353
1419.916832813  0.000159127
1419.919762500  0.000158519
1419.922692188  0.000158925
1419.925621875  0.000158811
1419.928551563  0.000158526
1419.931481250  0.000159786
1419.934410938  0.000158366
1419.937340625  0.000158461
1419.940270313  0.000158319
1419.943200000  0.000158212
1419.946129688  0.000158837
1419.949059375  0.000158015
1419.951989063  0.000159954
1419.954918750  0.000158424
1419.957848438  0.000158006
1419.960778125  0.000159460
1419.963707813  0.000159980
1419.966637500  0.000158619
1419.969567188  0.000158747
1419.972496875  0.000157867
1419.975426563  0.000159037
1419.978356250  0.000158739
1419.981285938  0.000158427
1419.984215625  0.000158772
1419.987145313  0.000158516
1419.990075000  0.000159190
1419.993004688  0.000159449
1419.995934375  0.000157726
1419.998864063  0.000158236
1420.001793750  0.000157526
1420.004723438  0.000157643
1420.007653125  0.000157477
1420.010582813  0.000158255
1420.013512500  0.000158769
1420.016442188  0.000158219
1420.019371875  0.000157875
1420.022301563  0.000157760
1420.025231250  0.000157901
1420.028160938  0.000158422
1420.031090625  0.000158998
1420.034020313  0.000158280
1420.036950000  0.000157788
1420.039879688  0.000158355
1420.042809375  0.000157811
1420.045739063  0.000158269
1420.048668750  0.000158052
1420.051598438  0.000158232
1420.054528125  0.000159080
1420.057457813  0.000157647
1420.060387500  0.000157785
1420.063317188  0.000157619
1420.066246875  0.000157573
1420.069176563  0.000158235
1420.072106250  0.000158842
1420.075035938  0.000158016
1420.077965625  0.000158011
1420.080895313  0.000158530
1420.083825000  0.000158831
1420.086754688  0.000157849
1420.089684375  0.000157083
1420.092614063  0.000157439
1420.095543750  0.000158376
1420.098473438  0.000157409
1420.101403125  0.000158070
1420.104332813  0.000157340
1420.107262500  0.000159150
1420.110192188  0.000157666
1420.113121875  0.000158460
1420.116051563  0.000157794
1420.118981250  0.000157603
1420.121910938  0.000157892
1420.124840625  0.000158211
1420.127770313  0.000157998
1420.130700000  0.000157914
1420.133629688  0.000158393
1420.136559375  0.000158402
1420.139489063  0.000157831
1420.142418750  0.000159008
1420.145348438  0.000159239
1420.148278125  0.000158765
1420.151207813  0.000157590
1420.154137500  0.000158141
1420.157067188  0.000158257
1420.159996875  0.000159890
1420.162926563  0.000158793
1420.165856250  0.000159308
1420.168785938  0.000158685
1420.171715625  0.000159122
1420.174645313  0.000160577
1420.177575000  0.000160043
1420.180504688  0.000159339
1420.183434375  0.000160552
1420.186364063  0.000161090
1420.189293750  0.000161083
1420.192223438  0.000161895
1420.195153125  0.000161853
1420.198082813  0.000162554
1420.201012500  0.000164490
1420.203942188  0.000164950
1420.206871875  0.000165437
1420.209801563  0.000165182
1420.212731250  0.000166469
1420.215660938  0.000167779
1420.218590625  0.000168191
1420.221520313  0.000170173
1420.224450000  0.000170534
1420.227379688  0.000171209
1420.230309375  0.000171878
1420.233239063  0.000172994
1420.236168750  0.000173704
1420.239098438  0.000174535
1420.242028125  0.000174351
1420.244957813  0.000175300
1420.247887500  0.000176075
1420.250817188  0.000176661
1420.253746875  0.000176481
1420.256676563  0.000176744
1420.259606250  0.000177637
1420.262535938  0.000178483
1420.265465625  0.000179147
1420.268395313  0.000178985
1420.271325000  0.000178776
1420.274254688  0.000179750
1420.277184375  0.000180406
1420.280114063  0.000180711
1420.283043750  0.000180431
1420.285973438  0.000180258
1420.288903125  0.000180150
1420.291832813  0.000179840
1420.294762500  0.000180898
1420.297692188  0.000180310
1420.300621875  0.000179828
1420.303551563  0.000179567
1420.306481250  0.000181167
1420.309410938  0.000180314
1420.312340625  0.000180155
1420.315270313  0.000180303
1420.318200000  0.000179862
1420.321129688  0.000179709
1420.324059375  0.000179634
1420.326989063  0.000179743
1420.329918750  0.000179292
1420.332848438  0.000178269
1420.335778125  0.000177952
1420.338707813  0.000178249
1420.341637500  0.000177917
1420.344567188  0.000177375
1420.347496875  0.000177493
1420.350426563  0.000176423
1420.353356250  0.000177209
1420.356285938  0.000177189
1420.359215625  0.000176621
1420.362145313  0.000175598
1420.365075000  0.000175101
1420.368004688  0.000174707
1420.370934375  0.000175046
1420.373864063  0.000174639
1420.376793750  0.000175093
1420.379723438  0.000173588
1420.382653125  0.000174291
1420.385582813  0.000174693
1420.388512500  0.000173957
1420.391442188  0.000172171
1420.394371875  0.000171465
1420.397301563  0.000172562
1420.400231250  0.000171974
1420.403160938  0.000171239
1420.406090625  0.000171296
1420.409020313  0.000171044
1420.411950000  0.000170429
1420.414879688  0.000170208
1420.417809375  0.000170440
1420.420739063  0.000170210
1420.423668750  0.000167813
1420.426598438  0.000168012
1420.429528125  0.000168550
1420.432457813  0.000166979
1420.435387500  0.000168274
1420.438317188  0.000167273
1420.441246875  0.000166128
1420.444176563  0.000166182
1420.447106250  0.000165790
1420.450035938  0.000166013
1420.452965625  0.000165429
1420.455895313  0.000163908
1420.458825000  0.000164967
1420.461754688  0.000164048
1420.464684375  0.000163665
1420.467614063  0.000163454
1420.470543750  0.000163159
1420.473473438  0.000162118
1420.476403125  0.000163188
1420.479332813  0.000162040
1420.482262500  0.000162005
1420.485192188  0.000160790
1420.488121875  0.000160712
1420.491051563  0.000161013
1420.493981250  0.000161004
1420.496910938  0.000161328
1420.499840625  0.000160072
1420.502770313  0.000160150
1420.505700000  0.000161152
1420.508629688  0.000159602
1420.511559375  0.000159590
1420.514489063  0.000158910
1420.517418750  0.000158722
1420.520348438  0.000158597
1420.523278125  0.000158922
1420.526207813  0.000159274
1420.529137500  0.000158521
1420.532067188  0.000157935
1420.534996875  0.000158178
1420.537926563  0.000158385
1420.540856250  0.000158513
1420.543785938  0.000158071
1420.546715625  0.000156808
1420.549645313  0.000157732
1420.552575000  0.000156744
1420.555504688  0.000157946
1420.558434375  0.000157316
1420.561364063  0.000156783
1420.564293750  0.000158037
1420.567223438  0.000158138
1420.570153125  0.000156937
1420.573082813  0.000156983
1420.576012500  0.000155815
1420.578942188  0.000156359
1420.581871875  0.000156887
1420.584801563  0.000156701
1420.587731250  0.000156751
1420.590660938  0.000156300
1420.593590625  0.000155281
1420.596520313  0.000156236
1420.599450000  0.000156248
1420.602379688  0.000155072
1420.605309375  0.000156417
1420.608239063  0.000155504
1420.611168750  0.000156951
1420.614098438  0.000155808
1420.617028125  0.000155630
1420.619957813  0.000155904
1420.622887500  0.000155670
1420.625817188  0.000156462
1420.628746875  0.000155924
1420.631676563  0.000156071
1420.634606250  0.000155783
1420.637535938  0.000154330
1420.640465625  0.000154881
1420.643395313  0.000155869
1420.646325000  0.000155934
1420.649254688  0.000155686
1420.652184375  0.000155435
1420.655114063  0.000155279
1420.658043750  0.000156034
1420.660973438  0.000155091
1420.663903125  0.000155051
1420.666832813  0.000154564
1420.669762500  0.000154747
1420.672692188  0.000155432
1420.675621875  0.000155799
1420.678551563  0.000155754
1420.681481250  0.000153845
1420.684410938  0.000154296
1420.687340625  0.000155124
1420.690270313  0.000155490
1420.693200000  0.000153925
1420.696129688  0.000154320
1420.699059375  0.000153831
1420.701989063  0.000154181
1420.704918750  0.000155318
1420.707848438  0.000154370
1420.710778125  0.000154084
1420.713707813  0.000153656
1420.716637500  0.000154159
1420.719567188  0.000155237
1420.722496875  0.000154650
1420.725426563  0.000154180
1420.728356250  0.000153836
1420.731285938  0.000153331
1420.734215625  0.000153850
1420.737145313  0.000154328
1420.740075000  0.000154209
1420.743004688  0.000153037
1420.745934375  0.000153761
1420.748864063  0.000154612
1420.751793750  0.000154491
1420.754723438  0.000155005
1420.757653125  0.000153945
1420.760582813  0.000152636
1420.763512500  0.000154266
1420.766442188  0.000154244
1420.769371875  0.000154399
1420.772301563  0.000154133
1420.775231250  0.000153015
1420.778160938  0.000154480
1420.781090625  0.000154445
1420.784020313  0.000153027
1420.786950000  0.000153371
1420.789879688  0.000153120
1420.792809375  0.000152943
1420.795739063  0.000154314
1420.798668750  0.000154593
1420.801598438  0.000153548
1420.804528125  0.000153039
1420.807457813  0.000153552
1420.810387500  0.000154798
1420.813317188  0.000153803
1420.816246875  0.000153614
1420.819176563  0.000152911
1420.822106250  0.000152684
1420.825035938  0.000153517
1420.827965625  0.000153346
1420.830895313  0.000153140
1420.833825000  0.000153258
1420.836754688  0.000153334
1420.839684375  0.000154338
1420.842614063  0.000153496
1420.845543750  0.000153426
1420.848473438  0.000153321
1420.851403125  0.000152419
1420.854332813  0.000152681
1420.857262500  0.000153240
1420.860192188  0.000153527
1420.863121875  0.000152670
1420.866051563  0.000153056
1420.868981250  0.000153284
1420.871910938  0.000153362
1420.874840625  0.000153064
1420.877770313  0.000152297
1420.880700000  0.000153306
1420.883629688  0.000152903
1420.886559375  0.000154080
1420.889489063  0.000153949
1420.892418750  0.000153304
1420.895348438  0.000152910
1420.898278125  0.000153534
1420.901207813  0.000154515
1420.904137500  0.000152915
1420.907067188  0.000152572
1420.909996875  0.000153332
1420.912926563  0.000152593
1420.915856250  0.000153412
1420.918785938  0.000153621
1420.921715625  0.000153527
1420.924645313  0.000152478
1420.927575000  0.000153943
1420.930504688  0.000153808
1420.933434375  0.000154262
1420.936364063  0.000153393
1420.939293750  0.000153221
1420.942223438  0.000152800
1420.945153125  0.000152232
1420.948082813  0.000153644
1420.951012500  0.000153769
1420.953942188  0.000153475
1420.956871875  0.000152010
1420.959801563  0.000153209
1420.962731250  0.000153490
1420.965660938  0.000153431
1420.968590625  0.000153136
1420.971520313  0.000153577
1420.974450000  0.000152750
1420.977379688  0.000152887
1420.980309375  0.000153995
1420.983239063  0.000152575
1420.986168750  0.000151937
1420.989098438  0.000153230
1420.992028125  0.000153400
1420.994957813  0.000153253
1420.997887500  0.000152557
1421.000817188  0.000152390
1421.003746875  0.000152682
1421.006676563  0.000153440
1421.009606250  0.000153213
1421.012535938  0.000152774
1421.015465625  0.000152479
1421.018395313  0.000151764
1421.021325000  0.000152646
1421.024254688  0.000153064
1421.027184375  0.000152128
1421.030114063  0.000152593
1421.033043750  0.000153028
1421.035973438  0.000153324
1421.038903125  0.000153268
1421.041832813  0.000152917
1421.044762500  0.000151912
1421.047692188  0.000153037
1421.050621875  0.000152959
1421.053551563  0.000153512
1421.056481250  0.000153507
1421.059410938  0.000152701
1421.062340625  0.000152161
1421.065270313  0.000152669
1421.068200000  0.000153255
1421.071129688  0.000153602
1421.074059375  0.000153099
1421.076989063  0.000152415
1421.079918750  0.000152866
1421.082848438  0.000153204
1421.085778125  0.000153104
1421.088707813  0.000152756
1421.091637500  0.000152374
1421.094567188  0.000153408
1421.097496875  0.000152889
1421.100426563  0.000152969
1421.103356250  0.000153574
1421.106285938  0.000152267
1421.109215625  0.000152294
1421.112145313  0.000153144
1421.115075000  0.000153975
1421.118004688  0.000152709
1421.120934375  0.000152410
1421.123864063  0.000152695
1421.126793750  0.000152657
1421.129723438  0.000153419
1421.132653125  0.000153186
1421.135582813  0.000153194
1421.138512500  0.000152453
1421.141442188  0.000152511
1421.144371875  0.000152646
1421.147301563  0.000152184
1421.150231250  0.000151534
1421.153160938  0.000152187
1421.156090625  0.000152323
1421.159020313  0.000151996
1421.161950000  0.000153040
1421.164879688  0.000152390
1421.167809375  0.000152308
1421.170739063  0.000152592
1421.173668750  0.000153042
1421.176598438  0.000153861
1421.179528125  0.000152339
1421.182457813  0.000152659
1421.185387500  0.000152562
1421.188317188  0.000152107
1421.191246875  0.000152227
1421.194176563  0.000152834
1421.197106250  0.000152959
1421.200035938  0.000152325
1421.202965625  0.000153835
1421.205895313  0.000153178
1421.208825000  0.000153248
1421.211754688  0.000152836
1421.214684375  0.000152612
1421.217614063  0.000152374
1421.220543750  0.000152131
1421.223473438  0.000153231
1421.226403125  0.000152899
1421.229332813  0.000152529
1421.232262500  0.000152962
1421.235192188  0.000153573
1421.238121875  0.000153460
1421.241051563  0.000152685
1421.243981250  0.000153380
1421.246910938  0.000153921
1421.249840625  0.000154038
1421.252770313  0.000155000

